1 2 3 4 
2 1 4 3 
3 4 1 2 
4 3 2 1 
---------1----------
1 2 3 4 
2 1 4 3 
3 4 2 1 
4 3 1 2 
---------2----------
1 2 3 4 
2 1 4 3 
4 3 1 2 
3 4 2 1 
---------3----------
1 2 3 4 
2 1 4 3 
4 3 2 1 
3 4 1 2 
---------4----------
1 2 3 4 
2 3 4 1 
3 4 1 2 
4 1 2 3 
---------5----------
1 2 3 4 
2 3 4 1 
4 1 2 3 
3 4 1 2 
---------6----------
1 2 3 4 
2 4 1 3 
3 1 4 2 
4 3 2 1 
---------7----------
1 2 3 4 
2 4 1 3 
4 3 2 1 
3 1 4 2 
---------8----------
1 2 3 4 
3 1 4 2 
2 4 1 3 
4 3 2 1 
---------9----------
1 2 3 4 
3 1 4 2 
4 3 2 1 
2 4 1 3 
---------10----------
1 2 3 4 
3 4 1 2 
2 1 4 3 
4 3 2 1 
---------11----------
1 2 3 4 
3 4 1 2 
2 3 4 1 
4 1 2 3 
---------12----------
1 2 3 4 
3 4 1 2 
4 1 2 3 
2 3 4 1 
---------13----------
1 2 3 4 
3 4 1 2 
4 3 2 1 
2 1 4 3 
---------14----------
1 2 3 4 
3 4 2 1 
2 1 4 3 
4 3 1 2 
---------15----------
1 2 3 4 
3 4 2 1 
4 3 1 2 
2 1 4 3 
---------16----------
1 2 3 4 
4 1 2 3 
2 3 4 1 
3 4 1 2 
---------17----------
1 2 3 4 
4 1 2 3 
3 4 1 2 
2 3 4 1 
---------18----------
1 2 3 4 
4 3 1 2 
2 1 4 3 
3 4 2 1 
---------19----------
1 2 3 4 
4 3 1 2 
3 4 2 1 
2 1 4 3 
---------20----------
1 2 3 4 
4 3 2 1 
2 1 4 3 
3 4 1 2 
---------21----------
1 2 3 4 
4 3 2 1 
2 4 1 3 
3 1 4 2 
---------22----------
1 2 3 4 
4 3 2 1 
3 1 4 2 
2 4 1 3 
---------23----------
1 2 3 4 
4 3 2 1 
3 4 1 2 
2 1 4 3 
---------24----------
1 2 4 3 
2 1 3 4 
3 4 1 2 
4 3 2 1 
---------25----------
1 2 4 3 
2 1 3 4 
3 4 2 1 
4 3 1 2 
---------26----------
1 2 4 3 
2 1 3 4 
4 3 1 2 
3 4 2 1 
---------27----------
1 2 4 3 
2 1 3 4 
4 3 2 1 
3 4 1 2 
---------28----------
1 2 4 3 
2 3 1 4 
3 4 2 1 
4 1 3 2 
---------29----------
1 2 4 3 
2 3 1 4 
4 1 3 2 
3 4 2 1 
---------30----------
1 2 4 3 
2 4 3 1 
3 1 2 4 
4 3 1 2 
---------31----------
1 2 4 3 
2 4 3 1 
4 3 1 2 
3 1 2 4 
---------32----------
1 2 4 3 
3 1 2 4 
2 4 3 1 
4 3 1 2 
---------33----------
1 2 4 3 
3 1 2 4 
4 3 1 2 
2 4 3 1 
---------34----------
1 2 4 3 
3 4 1 2 
2 1 3 4 
4 3 2 1 
---------35----------
1 2 4 3 
3 4 1 2 
4 3 2 1 
2 1 3 4 
---------36----------
1 2 4 3 
3 4 2 1 
2 1 3 4 
4 3 1 2 
---------37----------
1 2 4 3 
3 4 2 1 
2 3 1 4 
4 1 3 2 
---------38----------
1 2 4 3 
3 4 2 1 
4 1 3 2 
2 3 1 4 
---------39----------
1 2 4 3 
3 4 2 1 
4 3 1 2 
2 1 3 4 
---------40----------
1 2 4 3 
4 1 3 2 
2 3 1 4 
3 4 2 1 
---------41----------
1 2 4 3 
4 1 3 2 
3 4 2 1 
2 3 1 4 
---------42----------
1 2 4 3 
4 3 1 2 
2 1 3 4 
3 4 2 1 
---------43----------
1 2 4 3 
4 3 1 2 
2 4 3 1 
3 1 2 4 
---------44----------
1 2 4 3 
4 3 1 2 
3 1 2 4 
2 4 3 1 
---------45----------
1 2 4 3 
4 3 1 2 
3 4 2 1 
2 1 3 4 
---------46----------
1 2 4 3 
4 3 2 1 
2 1 3 4 
3 4 1 2 
---------47----------
1 2 4 3 
4 3 2 1 
3 4 1 2 
2 1 3 4 
---------48----------
1 3 2 4 
2 1 4 3 
3 4 1 2 
4 2 3 1 
---------49----------
1 3 2 4 
2 1 4 3 
4 2 3 1 
3 4 1 2 
---------50----------
1 3 2 4 
2 4 1 3 
3 1 4 2 
4 2 3 1 
---------51----------
1 3 2 4 
2 4 1 3 
3 2 4 1 
4 1 3 2 
---------52----------
1 3 2 4 
2 4 1 3 
4 1 3 2 
3 2 4 1 
---------53----------
1 3 2 4 
2 4 1 3 
4 2 3 1 
3 1 4 2 
---------54----------
1 3 2 4 
2 4 3 1 
3 1 4 2 
4 2 1 3 
---------55----------
1 3 2 4 
2 4 3 1 
4 2 1 3 
3 1 4 2 
---------56----------
1 3 2 4 
3 1 4 2 
2 4 1 3 
4 2 3 1 
---------57----------
1 3 2 4 
3 1 4 2 
2 4 3 1 
4 2 1 3 
---------58----------
1 3 2 4 
3 1 4 2 
4 2 1 3 
2 4 3 1 
---------59----------
1 3 2 4 
3 1 4 2 
4 2 3 1 
2 4 1 3 
---------60----------
1 3 2 4 
3 2 4 1 
2 4 1 3 
4 1 3 2 
---------61----------
1 3 2 4 
3 2 4 1 
4 1 3 2 
2 4 1 3 
---------62----------
1 3 2 4 
3 4 1 2 
2 1 4 3 
4 2 3 1 
---------63----------
1 3 2 4 
3 4 1 2 
4 2 3 1 
2 1 4 3 
---------64----------
1 3 2 4 
4 1 3 2 
2 4 1 3 
3 2 4 1 
---------65----------
1 3 2 4 
4 1 3 2 
3 2 4 1 
2 4 1 3 
---------66----------
1 3 2 4 
4 2 1 3 
2 4 3 1 
3 1 4 2 
---------67----------
1 3 2 4 
4 2 1 3 
3 1 4 2 
2 4 3 1 
---------68----------
1 3 2 4 
4 2 3 1 
2 1 4 3 
3 4 1 2 
---------69----------
1 3 2 4 
4 2 3 1 
2 4 1 3 
3 1 4 2 
---------70----------
1 3 2 4 
4 2 3 1 
3 1 4 2 
2 4 1 3 
---------71----------
1 3 2 4 
4 2 3 1 
3 4 1 2 
2 1 4 3 
---------72----------
1 3 4 2 
2 1 3 4 
3 4 2 1 
4 2 1 3 
---------73----------
1 3 4 2 
2 1 3 4 
4 2 1 3 
3 4 2 1 
---------74----------
1 3 4 2 
2 4 1 3 
3 1 2 4 
4 2 3 1 
---------75----------
1 3 4 2 
2 4 1 3 
4 2 3 1 
3 1 2 4 
---------76----------
1 3 4 2 
2 4 3 1 
3 1 2 4 
4 2 1 3 
---------77----------
1 3 4 2 
2 4 3 1 
3 2 1 4 
4 1 2 3 
---------78----------
1 3 4 2 
2 4 3 1 
4 1 2 3 
3 2 1 4 
---------79----------
1 3 4 2 
2 4 3 1 
4 2 1 3 
3 1 2 4 
---------80----------
1 3 4 2 
3 1 2 4 
2 4 1 3 
4 2 3 1 
---------81----------
1 3 4 2 
3 1 2 4 
2 4 3 1 
4 2 1 3 
---------82----------
1 3 4 2 
3 1 2 4 
4 2 1 3 
2 4 3 1 
---------83----------
1 3 4 2 
3 1 2 4 
4 2 3 1 
2 4 1 3 
---------84----------
1 3 4 2 
3 2 1 4 
2 4 3 1 
4 1 2 3 
---------85----------
1 3 4 2 
3 2 1 4 
4 1 2 3 
2 4 3 1 
---------86----------
1 3 4 2 
3 4 2 1 
2 1 3 4 
4 2 1 3 
---------87----------
1 3 4 2 
3 4 2 1 
4 2 1 3 
2 1 3 4 
---------88----------
1 3 4 2 
4 1 2 3 
2 4 3 1 
3 2 1 4 
---------89----------
1 3 4 2 
4 1 2 3 
3 2 1 4 
2 4 3 1 
---------90----------
1 3 4 2 
4 2 1 3 
2 1 3 4 
3 4 2 1 
---------91----------
1 3 4 2 
4 2 1 3 
2 4 3 1 
3 1 2 4 
---------92----------
1 3 4 2 
4 2 1 3 
3 1 2 4 
2 4 3 1 
---------93----------
1 3 4 2 
4 2 1 3 
3 4 2 1 
2 1 3 4 
---------94----------
1 3 4 2 
4 2 3 1 
2 4 1 3 
3 1 2 4 
---------95----------
1 3 4 2 
4 2 3 1 
3 1 2 4 
2 4 1 3 
---------96----------
1 4 2 3 
2 1 3 4 
3 2 4 1 
4 3 1 2 
---------97----------
1 4 2 3 
2 1 3 4 
4 3 1 2 
3 2 4 1 
---------98----------
1 4 2 3 
2 3 1 4 
3 1 4 2 
4 2 3 1 
---------99----------
1 4 2 3 
2 3 1 4 
3 2 4 1 
4 1 3 2 
---------100----------
1 4 2 3 
2 3 1 4 
4 1 3 2 
3 2 4 1 
---------101----------
1 4 2 3 
2 3 1 4 
4 2 3 1 
3 1 4 2 
---------102----------
1 4 2 3 
2 3 4 1 
3 2 1 4 
4 1 3 2 
---------103----------
1 4 2 3 
2 3 4 1 
4 1 3 2 
3 2 1 4 
---------104----------
1 4 2 3 
3 1 4 2 
2 3 1 4 
4 2 3 1 
---------105----------
1 4 2 3 
3 1 4 2 
4 2 3 1 
2 3 1 4 
---------106----------
1 4 2 3 
3 2 1 4 
2 3 4 1 
4 1 3 2 
---------107----------
1 4 2 3 
3 2 1 4 
4 1 3 2 
2 3 4 1 
---------108----------
1 4 2 3 
3 2 4 1 
2 1 3 4 
4 3 1 2 
---------109----------
1 4 2 3 
3 2 4 1 
2 3 1 4 
4 1 3 2 
---------110----------
1 4 2 3 
3 2 4 1 
4 1 3 2 
2 3 1 4 
---------111----------
1 4 2 3 
3 2 4 1 
4 3 1 2 
2 1 3 4 
---------112----------
1 4 2 3 
4 1 3 2 
2 3 1 4 
3 2 4 1 
---------113----------
1 4 2 3 
4 1 3 2 
2 3 4 1 
3 2 1 4 
---------114----------
1 4 2 3 
4 1 3 2 
3 2 1 4 
2 3 4 1 
---------115----------
1 4 2 3 
4 1 3 2 
3 2 4 1 
2 3 1 4 
---------116----------
1 4 2 3 
4 2 3 1 
2 3 1 4 
3 1 4 2 
---------117----------
1 4 2 3 
4 2 3 1 
3 1 4 2 
2 3 1 4 
---------118----------
1 4 2 3 
4 3 1 2 
2 1 3 4 
3 2 4 1 
---------119----------
1 4 2 3 
4 3 1 2 
3 2 4 1 
2 1 3 4 
---------120----------
1 4 3 2 
2 1 4 3 
3 2 1 4 
4 3 2 1 
---------121----------
1 4 3 2 
2 1 4 3 
4 3 2 1 
3 2 1 4 
---------122----------
1 4 3 2 
2 3 1 4 
3 2 4 1 
4 1 2 3 
---------123----------
1 4 3 2 
2 3 1 4 
4 1 2 3 
3 2 4 1 
---------124----------
1 4 3 2 
2 3 4 1 
3 1 2 4 
4 2 1 3 
---------125----------
1 4 3 2 
2 3 4 1 
3 2 1 4 
4 1 2 3 
---------126----------
1 4 3 2 
2 3 4 1 
4 1 2 3 
3 2 1 4 
---------127----------
1 4 3 2 
2 3 4 1 
4 2 1 3 
3 1 2 4 
---------128----------
1 4 3 2 
3 1 2 4 
2 3 4 1 
4 2 1 3 
---------129----------
1 4 3 2 
3 1 2 4 
4 2 1 3 
2 3 4 1 
---------130----------
1 4 3 2 
3 2 1 4 
2 1 4 3 
4 3 2 1 
---------131----------
1 4 3 2 
3 2 1 4 
2 3 4 1 
4 1 2 3 
---------132----------
1 4 3 2 
3 2 1 4 
4 1 2 3 
2 3 4 1 
---------133----------
1 4 3 2 
3 2 1 4 
4 3 2 1 
2 1 4 3 
---------134----------
1 4 3 2 
3 2 4 1 
2 3 1 4 
4 1 2 3 
---------135----------
1 4 3 2 
3 2 4 1 
4 1 2 3 
2 3 1 4 
---------136----------
1 4 3 2 
4 1 2 3 
2 3 1 4 
3 2 4 1 
---------137----------
1 4 3 2 
4 1 2 3 
2 3 4 1 
3 2 1 4 
---------138----------
1 4 3 2 
4 1 2 3 
3 2 1 4 
2 3 4 1 
---------139----------
1 4 3 2 
4 1 2 3 
3 2 4 1 
2 3 1 4 
---------140----------
1 4 3 2 
4 2 1 3 
2 3 4 1 
3 1 2 4 
---------141----------
1 4 3 2 
4 2 1 3 
3 1 2 4 
2 3 4 1 
---------142----------
1 4 3 2 
4 3 2 1 
2 1 4 3 
3 2 1 4 
---------143----------
1 4 3 2 
4 3 2 1 
3 2 1 4 
2 1 4 3 
---------144----------
2 1 3 4 
1 2 4 3 
3 4 1 2 
4 3 2 1 
---------145----------
2 1 3 4 
1 2 4 3 
3 4 2 1 
4 3 1 2 
---------146----------
2 1 3 4 
1 2 4 3 
4 3 1 2 
3 4 2 1 
---------147----------
2 1 3 4 
1 2 4 3 
4 3 2 1 
3 4 1 2 
---------148----------
2 1 3 4 
1 3 4 2 
3 4 2 1 
4 2 1 3 
---------149----------
2 1 3 4 
1 3 4 2 
4 2 1 3 
3 4 2 1 
---------150----------
2 1 3 4 
1 4 2 3 
3 2 4 1 
4 3 1 2 
---------151----------
2 1 3 4 
1 4 2 3 
4 3 1 2 
3 2 4 1 
---------152----------
2 1 3 4 
3 2 4 1 
1 4 2 3 
4 3 1 2 
---------153----------
2 1 3 4 
3 2 4 1 
4 3 1 2 
1 4 2 3 
---------154----------
2 1 3 4 
3 4 1 2 
1 2 4 3 
4 3 2 1 
---------155----------
2 1 3 4 
3 4 1 2 
4 3 2 1 
1 2 4 3 
---------156----------
2 1 3 4 
3 4 2 1 
1 2 4 3 
4 3 1 2 
---------157----------
2 1 3 4 
3 4 2 1 
1 3 4 2 
4 2 1 3 
---------158----------
2 1 3 4 
3 4 2 1 
4 2 1 3 
1 3 4 2 
---------159----------
2 1 3 4 
3 4 2 1 
4 3 1 2 
1 2 4 3 
---------160----------
2 1 3 4 
4 2 1 3 
1 3 4 2 
3 4 2 1 
---------161----------
2 1 3 4 
4 2 1 3 
3 4 2 1 
1 3 4 2 
---------162----------
2 1 3 4 
4 3 1 2 
1 2 4 3 
3 4 2 1 
---------163----------
2 1 3 4 
4 3 1 2 
1 4 2 3 
3 2 4 1 
---------164----------
2 1 3 4 
4 3 1 2 
3 2 4 1 
1 4 2 3 
---------165----------
2 1 3 4 
4 3 1 2 
3 4 2 1 
1 2 4 3 
---------166----------
2 1 3 4 
4 3 2 1 
1 2 4 3 
3 4 1 2 
---------167----------
2 1 3 4 
4 3 2 1 
3 4 1 2 
1 2 4 3 
---------168----------
2 1 4 3 
1 2 3 4 
3 4 1 2 
4 3 2 1 
---------169----------
2 1 4 3 
1 2 3 4 
3 4 2 1 
4 3 1 2 
---------170----------
2 1 4 3 
1 2 3 4 
4 3 1 2 
3 4 2 1 
---------171----------
2 1 4 3 
1 2 3 4 
4 3 2 1 
3 4 1 2 
---------172----------
2 1 4 3 
1 3 2 4 
3 4 1 2 
4 2 3 1 
---------173----------
2 1 4 3 
1 3 2 4 
4 2 3 1 
3 4 1 2 
---------174----------
2 1 4 3 
1 4 3 2 
3 2 1 4 
4 3 2 1 
---------175----------
2 1 4 3 
1 4 3 2 
4 3 2 1 
3 2 1 4 
---------176----------
2 1 4 3 
3 2 1 4 
1 4 3 2 
4 3 2 1 
---------177----------
2 1 4 3 
3 2 1 4 
4 3 2 1 
1 4 3 2 
---------178----------
2 1 4 3 
3 4 1 2 
1 2 3 4 
4 3 2 1 
---------179----------
2 1 4 3 
3 4 1 2 
1 3 2 4 
4 2 3 1 
---------180----------
2 1 4 3 
3 4 1 2 
4 2 3 1 
1 3 2 4 
---------181----------
2 1 4 3 
3 4 1 2 
4 3 2 1 
1 2 3 4 
---------182----------
2 1 4 3 
3 4 2 1 
1 2 3 4 
4 3 1 2 
---------183----------
2 1 4 3 
3 4 2 1 
4 3 1 2 
1 2 3 4 
---------184----------
2 1 4 3 
4 2 3 1 
1 3 2 4 
3 4 1 2 
---------185----------
2 1 4 3 
4 2 3 1 
3 4 1 2 
1 3 2 4 
---------186----------
2 1 4 3 
4 3 1 2 
1 2 3 4 
3 4 2 1 
---------187----------
2 1 4 3 
4 3 1 2 
3 4 2 1 
1 2 3 4 
---------188----------
2 1 4 3 
4 3 2 1 
1 2 3 4 
3 4 1 2 
---------189----------
2 1 4 3 
4 3 2 1 
1 4 3 2 
3 2 1 4 
---------190----------
2 1 4 3 
4 3 2 1 
3 2 1 4 
1 4 3 2 
---------191----------
2 1 4 3 
4 3 2 1 
3 4 1 2 
1 2 3 4 
---------192----------
2 3 1 4 
1 2 4 3 
3 4 2 1 
4 1 3 2 
---------193----------
2 3 1 4 
1 2 4 3 
4 1 3 2 
3 4 2 1 
---------194----------
2 3 1 4 
1 4 2 3 
3 1 4 2 
4 2 3 1 
---------195----------
2 3 1 4 
1 4 2 3 
3 2 4 1 
4 1 3 2 
---------196----------
2 3 1 4 
1 4 2 3 
4 1 3 2 
3 2 4 1 
---------197----------
2 3 1 4 
1 4 2 3 
4 2 3 1 
3 1 4 2 
---------198----------
2 3 1 4 
1 4 3 2 
3 2 4 1 
4 1 2 3 
---------199----------
2 3 1 4 
1 4 3 2 
4 1 2 3 
3 2 4 1 
---------200----------
2 3 1 4 
3 1 4 2 
1 4 2 3 
4 2 3 1 
---------201----------
2 3 1 4 
3 1 4 2 
4 2 3 1 
1 4 2 3 
---------202----------
2 3 1 4 
3 2 4 1 
1 4 2 3 
4 1 3 2 
---------203----------
2 3 1 4 
3 2 4 1 
1 4 3 2 
4 1 2 3 
---------204----------
2 3 1 4 
3 2 4 1 
4 1 2 3 
1 4 3 2 
---------205----------
2 3 1 4 
3 2 4 1 
4 1 3 2 
1 4 2 3 
---------206----------
2 3 1 4 
3 4 2 1 
1 2 4 3 
4 1 3 2 
---------207----------
2 3 1 4 
3 4 2 1 
4 1 3 2 
1 2 4 3 
---------208----------
2 3 1 4 
4 1 2 3 
1 4 3 2 
3 2 4 1 
---------209----------
2 3 1 4 
4 1 2 3 
3 2 4 1 
1 4 3 2 
---------210----------
2 3 1 4 
4 1 3 2 
1 2 4 3 
3 4 2 1 
---------211----------
2 3 1 4 
4 1 3 2 
1 4 2 3 
3 2 4 1 
---------212----------
2 3 1 4 
4 1 3 2 
3 2 4 1 
1 4 2 3 
---------213----------
2 3 1 4 
4 1 3 2 
3 4 2 1 
1 2 4 3 
---------214----------
2 3 1 4 
4 2 3 1 
1 4 2 3 
3 1 4 2 
---------215----------
2 3 1 4 
4 2 3 1 
3 1 4 2 
1 4 2 3 
---------216----------
2 3 4 1 
1 2 3 4 
3 4 1 2 
4 1 2 3 
---------217----------
2 3 4 1 
1 2 3 4 
4 1 2 3 
3 4 1 2 
---------218----------
2 3 4 1 
1 4 2 3 
3 2 1 4 
4 1 3 2 
---------219----------
2 3 4 1 
1 4 2 3 
4 1 3 2 
3 2 1 4 
---------220----------
2 3 4 1 
1 4 3 2 
3 1 2 4 
4 2 1 3 
---------221----------
2 3 4 1 
1 4 3 2 
3 2 1 4 
4 1 2 3 
---------222----------
2 3 4 1 
1 4 3 2 
4 1 2 3 
3 2 1 4 
---------223----------
2 3 4 1 
1 4 3 2 
4 2 1 3 
3 1 2 4 
---------224----------
2 3 4 1 
3 1 2 4 
1 4 3 2 
4 2 1 3 
---------225----------
2 3 4 1 
3 1 2 4 
4 2 1 3 
1 4 3 2 
---------226----------
2 3 4 1 
3 2 1 4 
1 4 2 3 
4 1 3 2 
---------227----------
2 3 4 1 
3 2 1 4 
1 4 3 2 
4 1 2 3 
---------228----------
2 3 4 1 
3 2 1 4 
4 1 2 3 
1 4 3 2 
---------229----------
2 3 4 1 
3 2 1 4 
4 1 3 2 
1 4 2 3 
---------230----------
2 3 4 1 
3 4 1 2 
1 2 3 4 
4 1 2 3 
---------231----------
2 3 4 1 
3 4 1 2 
4 1 2 3 
1 2 3 4 
---------232----------
2 3 4 1 
4 1 2 3 
1 2 3 4 
3 4 1 2 
---------233----------
2 3 4 1 
4 1 2 3 
1 4 3 2 
3 2 1 4 
---------234----------
2 3 4 1 
4 1 2 3 
3 2 1 4 
1 4 3 2 
---------235----------
2 3 4 1 
4 1 2 3 
3 4 1 2 
1 2 3 4 
---------236----------
2 3 4 1 
4 1 3 2 
1 4 2 3 
3 2 1 4 
---------237----------
2 3 4 1 
4 1 3 2 
3 2 1 4 
1 4 2 3 
---------238----------
2 3 4 1 
4 2 1 3 
1 4 3 2 
3 1 2 4 
---------239----------
2 3 4 1 
4 2 1 3 
3 1 2 4 
1 4 3 2 
---------240----------
2 4 1 3 
1 2 3 4 
3 1 4 2 
4 3 2 1 
---------241----------
2 4 1 3 
1 2 3 4 
4 3 2 1 
3 1 4 2 
---------242----------
2 4 1 3 
1 3 2 4 
3 1 4 2 
4 2 3 1 
---------243----------
2 4 1 3 
1 3 2 4 
3 2 4 1 
4 1 3 2 
---------244----------
2 4 1 3 
1 3 2 4 
4 1 3 2 
3 2 4 1 
---------245----------
2 4 1 3 
1 3 2 4 
4 2 3 1 
3 1 4 2 
---------246----------
2 4 1 3 
1 3 4 2 
3 1 2 4 
4 2 3 1 
---------247----------
2 4 1 3 
1 3 4 2 
4 2 3 1 
3 1 2 4 
---------248----------
2 4 1 3 
3 1 2 4 
1 3 4 2 
4 2 3 1 
---------249----------
2 4 1 3 
3 1 2 4 
4 2 3 1 
1 3 4 2 
---------250----------
2 4 1 3 
3 1 4 2 
1 2 3 4 
4 3 2 1 
---------251----------
2 4 1 3 
3 1 4 2 
1 3 2 4 
4 2 3 1 
---------252----------
2 4 1 3 
3 1 4 2 
4 2 3 1 
1 3 2 4 
---------253----------
2 4 1 3 
3 1 4 2 
4 3 2 1 
1 2 3 4 
---------254----------
2 4 1 3 
3 2 4 1 
1 3 2 4 
4 1 3 2 
---------255----------
2 4 1 3 
3 2 4 1 
4 1 3 2 
1 3 2 4 
---------256----------
2 4 1 3 
4 1 3 2 
1 3 2 4 
3 2 4 1 
---------257----------
2 4 1 3 
4 1 3 2 
3 2 4 1 
1 3 2 4 
---------258----------
2 4 1 3 
4 2 3 1 
1 3 2 4 
3 1 4 2 
---------259----------
2 4 1 3 
4 2 3 1 
1 3 4 2 
3 1 2 4 
---------260----------
2 4 1 3 
4 2 3 1 
3 1 2 4 
1 3 4 2 
---------261----------
2 4 1 3 
4 2 3 1 
3 1 4 2 
1 3 2 4 
---------262----------
2 4 1 3 
4 3 2 1 
1 2 3 4 
3 1 4 2 
---------263----------
2 4 1 3 
4 3 2 1 
3 1 4 2 
1 2 3 4 
---------264----------
2 4 3 1 
1 2 4 3 
3 1 2 4 
4 3 1 2 
---------265----------
2 4 3 1 
1 2 4 3 
4 3 1 2 
3 1 2 4 
---------266----------
2 4 3 1 
1 3 2 4 
3 1 4 2 
4 2 1 3 
---------267----------
2 4 3 1 
1 3 2 4 
4 2 1 3 
3 1 4 2 
---------268----------
2 4 3 1 
1 3 4 2 
3 1 2 4 
4 2 1 3 
---------269----------
2 4 3 1 
1 3 4 2 
3 2 1 4 
4 1 2 3 
---------270----------
2 4 3 1 
1 3 4 2 
4 1 2 3 
3 2 1 4 
---------271----------
2 4 3 1 
1 3 4 2 
4 2 1 3 
3 1 2 4 
---------272----------
2 4 3 1 
3 1 2 4 
1 2 4 3 
4 3 1 2 
---------273----------
2 4 3 1 
3 1 2 4 
1 3 4 2 
4 2 1 3 
---------274----------
2 4 3 1 
3 1 2 4 
4 2 1 3 
1 3 4 2 
---------275----------
2 4 3 1 
3 1 2 4 
4 3 1 2 
1 2 4 3 
---------276----------
2 4 3 1 
3 1 4 2 
1 3 2 4 
4 2 1 3 
---------277----------
2 4 3 1 
3 1 4 2 
4 2 1 3 
1 3 2 4 
---------278----------
2 4 3 1 
3 2 1 4 
1 3 4 2 
4 1 2 3 
---------279----------
2 4 3 1 
3 2 1 4 
4 1 2 3 
1 3 4 2 
---------280----------
2 4 3 1 
4 1 2 3 
1 3 4 2 
3 2 1 4 
---------281----------
2 4 3 1 
4 1 2 3 
3 2 1 4 
1 3 4 2 
---------282----------
2 4 3 1 
4 2 1 3 
1 3 2 4 
3 1 4 2 
---------283----------
2 4 3 1 
4 2 1 3 
1 3 4 2 
3 1 2 4 
---------284----------
2 4 3 1 
4 2 1 3 
3 1 2 4 
1 3 4 2 
---------285----------
2 4 3 1 
4 2 1 3 
3 1 4 2 
1 3 2 4 
---------286----------
2 4 3 1 
4 3 1 2 
1 2 4 3 
3 1 2 4 
---------287----------
2 4 3 1 
4 3 1 2 
3 1 2 4 
1 2 4 3 
---------288----------
3 1 2 4 
1 2 4 3 
2 4 3 1 
4 3 1 2 
---------289----------
3 1 2 4 
1 2 4 3 
4 3 1 2 
2 4 3 1 
---------290----------
3 1 2 4 
1 3 4 2 
2 4 1 3 
4 2 3 1 
---------291----------
3 1 2 4 
1 3 4 2 
2 4 3 1 
4 2 1 3 
---------292----------
3 1 2 4 
1 3 4 2 
4 2 1 3 
2 4 3 1 
---------293----------
3 1 2 4 
1 3 4 2 
4 2 3 1 
2 4 1 3 
---------294----------
3 1 2 4 
1 4 3 2 
2 3 4 1 
4 2 1 3 
---------295----------
3 1 2 4 
1 4 3 2 
4 2 1 3 
2 3 4 1 
---------296----------
3 1 2 4 
2 3 4 1 
1 4 3 2 
4 2 1 3 
---------297----------
3 1 2 4 
2 3 4 1 
4 2 1 3 
1 4 3 2 
---------298----------
3 1 2 4 
2 4 1 3 
1 3 4 2 
4 2 3 1 
---------299----------
3 1 2 4 
2 4 1 3 
4 2 3 1 
1 3 4 2 
---------300----------
3 1 2 4 
2 4 3 1 
1 2 4 3 
4 3 1 2 
---------301----------
3 1 2 4 
2 4 3 1 
1 3 4 2 
4 2 1 3 
---------302----------
3 1 2 4 
2 4 3 1 
4 2 1 3 
1 3 4 2 
---------303----------
3 1 2 4 
2 4 3 1 
4 3 1 2 
1 2 4 3 
---------304----------
3 1 2 4 
4 2 1 3 
1 3 4 2 
2 4 3 1 
---------305----------
3 1 2 4 
4 2 1 3 
1 4 3 2 
2 3 4 1 
---------306----------
3 1 2 4 
4 2 1 3 
2 3 4 1 
1 4 3 2 
---------307----------
3 1 2 4 
4 2 1 3 
2 4 3 1 
1 3 4 2 
---------308----------
3 1 2 4 
4 2 3 1 
1 3 4 2 
2 4 1 3 
---------309----------
3 1 2 4 
4 2 3 1 
2 4 1 3 
1 3 4 2 
---------310----------
3 1 2 4 
4 3 1 2 
1 2 4 3 
2 4 3 1 
---------311----------
3 1 2 4 
4 3 1 2 
2 4 3 1 
1 2 4 3 
---------312----------
3 1 4 2 
1 2 3 4 
2 4 1 3 
4 3 2 1 
---------313----------
3 1 4 2 
1 2 3 4 
4 3 2 1 
2 4 1 3 
---------314----------
3 1 4 2 
1 3 2 4 
2 4 1 3 
4 2 3 1 
---------315----------
3 1 4 2 
1 3 2 4 
2 4 3 1 
4 2 1 3 
---------316----------
3 1 4 2 
1 3 2 4 
4 2 1 3 
2 4 3 1 
---------317----------
3 1 4 2 
1 3 2 4 
4 2 3 1 
2 4 1 3 
---------318----------
3 1 4 2 
1 4 2 3 
2 3 1 4 
4 2 3 1 
---------319----------
3 1 4 2 
1 4 2 3 
4 2 3 1 
2 3 1 4 
---------320----------
3 1 4 2 
2 3 1 4 
1 4 2 3 
4 2 3 1 
---------321----------
3 1 4 2 
2 3 1 4 
4 2 3 1 
1 4 2 3 
---------322----------
3 1 4 2 
2 4 1 3 
1 2 3 4 
4 3 2 1 
---------323----------
3 1 4 2 
2 4 1 3 
1 3 2 4 
4 2 3 1 
---------324----------
3 1 4 2 
2 4 1 3 
4 2 3 1 
1 3 2 4 
---------325----------
3 1 4 2 
2 4 1 3 
4 3 2 1 
1 2 3 4 
---------326----------
3 1 4 2 
2 4 3 1 
1 3 2 4 
4 2 1 3 
---------327----------
3 1 4 2 
2 4 3 1 
4 2 1 3 
1 3 2 4 
---------328----------
3 1 4 2 
4 2 1 3 
1 3 2 4 
2 4 3 1 
---------329----------
3 1 4 2 
4 2 1 3 
2 4 3 1 
1 3 2 4 
---------330----------
3 1 4 2 
4 2 3 1 
1 3 2 4 
2 4 1 3 
---------331----------
3 1 4 2 
4 2 3 1 
1 4 2 3 
2 3 1 4 
---------332----------
3 1 4 2 
4 2 3 1 
2 3 1 4 
1 4 2 3 
---------333----------
3 1 4 2 
4 2 3 1 
2 4 1 3 
1 3 2 4 
---------334----------
3 1 4 2 
4 3 2 1 
1 2 3 4 
2 4 1 3 
---------335----------
3 1 4 2 
4 3 2 1 
2 4 1 3 
1 2 3 4 
---------336----------
3 2 1 4 
1 3 4 2 
2 4 3 1 
4 1 2 3 
---------337----------
3 2 1 4 
1 3 4 2 
4 1 2 3 
2 4 3 1 
---------338----------
3 2 1 4 
1 4 2 3 
2 3 4 1 
4 1 3 2 
---------339----------
3 2 1 4 
1 4 2 3 
4 1 3 2 
2 3 4 1 
---------340----------
3 2 1 4 
1 4 3 2 
2 1 4 3 
4 3 2 1 
---------341----------
3 2 1 4 
1 4 3 2 
2 3 4 1 
4 1 2 3 
---------342----------
3 2 1 4 
1 4 3 2 
4 1 2 3 
2 3 4 1 
---------343----------
3 2 1 4 
1 4 3 2 
4 3 2 1 
2 1 4 3 
---------344----------
3 2 1 4 
2 1 4 3 
1 4 3 2 
4 3 2 1 
---------345----------
3 2 1 4 
2 1 4 3 
4 3 2 1 
1 4 3 2 
---------346----------
3 2 1 4 
2 3 4 1 
1 4 2 3 
4 1 3 2 
---------347----------
3 2 1 4 
2 3 4 1 
1 4 3 2 
4 1 2 3 
---------348----------
3 2 1 4 
2 3 4 1 
4 1 2 3 
1 4 3 2 
---------349----------
3 2 1 4 
2 3 4 1 
4 1 3 2 
1 4 2 3 
---------350----------
3 2 1 4 
2 4 3 1 
1 3 4 2 
4 1 2 3 
---------351----------
3 2 1 4 
2 4 3 1 
4 1 2 3 
1 3 4 2 
---------352----------
3 2 1 4 
4 1 2 3 
1 3 4 2 
2 4 3 1 
---------353----------
3 2 1 4 
4 1 2 3 
1 4 3 2 
2 3 4 1 
---------354----------
3 2 1 4 
4 1 2 3 
2 3 4 1 
1 4 3 2 
---------355----------
3 2 1 4 
4 1 2 3 
2 4 3 1 
1 3 4 2 
---------356----------
3 2 1 4 
4 1 3 2 
1 4 2 3 
2 3 4 1 
---------357----------
3 2 1 4 
4 1 3 2 
2 3 4 1 
1 4 2 3 
---------358----------
3 2 1 4 
4 3 2 1 
1 4 3 2 
2 1 4 3 
---------359----------
3 2 1 4 
4 3 2 1 
2 1 4 3 
1 4 3 2 
---------360----------
3 2 4 1 
1 3 2 4 
2 4 1 3 
4 1 3 2 
---------361----------
3 2 4 1 
1 3 2 4 
4 1 3 2 
2 4 1 3 
---------362----------
3 2 4 1 
1 4 2 3 
2 1 3 4 
4 3 1 2 
---------363----------
3 2 4 1 
1 4 2 3 
2 3 1 4 
4 1 3 2 
---------364----------
3 2 4 1 
1 4 2 3 
4 1 3 2 
2 3 1 4 
---------365----------
3 2 4 1 
1 4 2 3 
4 3 1 2 
2 1 3 4 
---------366----------
3 2 4 1 
1 4 3 2 
2 3 1 4 
4 1 2 3 
---------367----------
3 2 4 1 
1 4 3 2 
4 1 2 3 
2 3 1 4 
---------368----------
3 2 4 1 
2 1 3 4 
1 4 2 3 
4 3 1 2 
---------369----------
3 2 4 1 
2 1 3 4 
4 3 1 2 
1 4 2 3 
---------370----------
3 2 4 1 
2 3 1 4 
1 4 2 3 
4 1 3 2 
---------371----------
3 2 4 1 
2 3 1 4 
1 4 3 2 
4 1 2 3 
---------372----------
3 2 4 1 
2 3 1 4 
4 1 2 3 
1 4 3 2 
---------373----------
3 2 4 1 
2 3 1 4 
4 1 3 2 
1 4 2 3 
---------374----------
3 2 4 1 
2 4 1 3 
1 3 2 4 
4 1 3 2 
---------375----------
3 2 4 1 
2 4 1 3 
4 1 3 2 
1 3 2 4 
---------376----------
3 2 4 1 
4 1 2 3 
1 4 3 2 
2 3 1 4 
---------377----------
3 2 4 1 
4 1 2 3 
2 3 1 4 
1 4 3 2 
---------378----------
3 2 4 1 
4 1 3 2 
1 3 2 4 
2 4 1 3 
---------379----------
3 2 4 1 
4 1 3 2 
1 4 2 3 
2 3 1 4 
---------380----------
3 2 4 1 
4 1 3 2 
2 3 1 4 
1 4 2 3 
---------381----------
3 2 4 1 
4 1 3 2 
2 4 1 3 
1 3 2 4 
---------382----------
3 2 4 1 
4 3 1 2 
1 4 2 3 
2 1 3 4 
---------383----------
3 2 4 1 
4 3 1 2 
2 1 3 4 
1 4 2 3 
---------384----------
3 4 1 2 
1 2 3 4 
2 1 4 3 
4 3 2 1 
---------385----------
3 4 1 2 
1 2 3 4 
2 3 4 1 
4 1 2 3 
---------386----------
3 4 1 2 
1 2 3 4 
4 1 2 3 
2 3 4 1 
---------387----------
3 4 1 2 
1 2 3 4 
4 3 2 1 
2 1 4 3 
---------388----------
3 4 1 2 
1 2 4 3 
2 1 3 4 
4 3 2 1 
---------389----------
3 4 1 2 
1 2 4 3 
4 3 2 1 
2 1 3 4 
---------390----------
3 4 1 2 
1 3 2 4 
2 1 4 3 
4 2 3 1 
---------391----------
3 4 1 2 
1 3 2 4 
4 2 3 1 
2 1 4 3 
---------392----------
3 4 1 2 
2 1 3 4 
1 2 4 3 
4 3 2 1 
---------393----------
3 4 1 2 
2 1 3 4 
4 3 2 1 
1 2 4 3 
---------394----------
3 4 1 2 
2 1 4 3 
1 2 3 4 
4 3 2 1 
---------395----------
3 4 1 2 
2 1 4 3 
1 3 2 4 
4 2 3 1 
---------396----------
3 4 1 2 
2 1 4 3 
4 2 3 1 
1 3 2 4 
---------397----------
3 4 1 2 
2 1 4 3 
4 3 2 1 
1 2 3 4 
---------398----------
3 4 1 2 
2 3 4 1 
1 2 3 4 
4 1 2 3 
---------399----------
3 4 1 2 
2 3 4 1 
4 1 2 3 
1 2 3 4 
---------400----------
3 4 1 2 
4 1 2 3 
1 2 3 4 
2 3 4 1 
---------401----------
3 4 1 2 
4 1 2 3 
2 3 4 1 
1 2 3 4 
---------402----------
3 4 1 2 
4 2 3 1 
1 3 2 4 
2 1 4 3 
---------403----------
3 4 1 2 
4 2 3 1 
2 1 4 3 
1 3 2 4 
---------404----------
3 4 1 2 
4 3 2 1 
1 2 3 4 
2 1 4 3 
---------405----------
3 4 1 2 
4 3 2 1 
1 2 4 3 
2 1 3 4 
---------406----------
3 4 1 2 
4 3 2 1 
2 1 3 4 
1 2 4 3 
---------407----------
3 4 1 2 
4 3 2 1 
2 1 4 3 
1 2 3 4 
---------408----------
3 4 2 1 
1 2 3 4 
2 1 4 3 
4 3 1 2 
---------409----------
3 4 2 1 
1 2 3 4 
4 3 1 2 
2 1 4 3 
---------410----------
3 4 2 1 
1 2 4 3 
2 1 3 4 
4 3 1 2 
---------411----------
3 4 2 1 
1 2 4 3 
2 3 1 4 
4 1 3 2 
---------412----------
3 4 2 1 
1 2 4 3 
4 1 3 2 
2 3 1 4 
---------413----------
3 4 2 1 
1 2 4 3 
4 3 1 2 
2 1 3 4 
---------414----------
3 4 2 1 
1 3 4 2 
2 1 3 4 
4 2 1 3 
---------415----------
3 4 2 1 
1 3 4 2 
4 2 1 3 
2 1 3 4 
---------416----------
3 4 2 1 
2 1 3 4 
1 2 4 3 
4 3 1 2 
---------417----------
3 4 2 1 
2 1 3 4 
1 3 4 2 
4 2 1 3 
---------418----------
3 4 2 1 
2 1 3 4 
4 2 1 3 
1 3 4 2 
---------419----------
3 4 2 1 
2 1 3 4 
4 3 1 2 
1 2 4 3 
---------420----------
3 4 2 1 
2 1 4 3 
1 2 3 4 
4 3 1 2 
---------421----------
3 4 2 1 
2 1 4 3 
4 3 1 2 
1 2 3 4 
---------422----------
3 4 2 1 
2 3 1 4 
1 2 4 3 
4 1 3 2 
---------423----------
3 4 2 1 
2 3 1 4 
4 1 3 2 
1 2 4 3 
---------424----------
3 4 2 1 
4 1 3 2 
1 2 4 3 
2 3 1 4 
---------425----------
3 4 2 1 
4 1 3 2 
2 3 1 4 
1 2 4 3 
---------426----------
3 4 2 1 
4 2 1 3 
1 3 4 2 
2 1 3 4 
---------427----------
3 4 2 1 
4 2 1 3 
2 1 3 4 
1 3 4 2 
---------428----------
3 4 2 1 
4 3 1 2 
1 2 3 4 
2 1 4 3 
---------429----------
3 4 2 1 
4 3 1 2 
1 2 4 3 
2 1 3 4 
---------430----------
3 4 2 1 
4 3 1 2 
2 1 3 4 
1 2 4 3 
---------431----------
3 4 2 1 
4 3 1 2 
2 1 4 3 
1 2 3 4 
---------432----------
4 1 2 3 
1 2 3 4 
2 3 4 1 
3 4 1 2 
---------433----------
4 1 2 3 
1 2 3 4 
3 4 1 2 
2 3 4 1 
---------434----------
4 1 2 3 
1 3 4 2 
2 4 3 1 
3 2 1 4 
---------435----------
4 1 2 3 
1 3 4 2 
3 2 1 4 
2 4 3 1 
---------436----------
4 1 2 3 
1 4 3 2 
2 3 1 4 
3 2 4 1 
---------437----------
4 1 2 3 
1 4 3 2 
2 3 4 1 
3 2 1 4 
---------438----------
4 1 2 3 
1 4 3 2 
3 2 1 4 
2 3 4 1 
---------439----------
4 1 2 3 
1 4 3 2 
3 2 4 1 
2 3 1 4 
---------440----------
4 1 2 3 
2 3 1 4 
1 4 3 2 
3 2 4 1 
---------441----------
4 1 2 3 
2 3 1 4 
3 2 4 1 
1 4 3 2 
---------442----------
4 1 2 3 
2 3 4 1 
1 2 3 4 
3 4 1 2 
---------443----------
4 1 2 3 
2 3 4 1 
1 4 3 2 
3 2 1 4 
---------444----------
4 1 2 3 
2 3 4 1 
3 2 1 4 
1 4 3 2 
---------445----------
4 1 2 3 
2 3 4 1 
3 4 1 2 
1 2 3 4 
---------446----------
4 1 2 3 
2 4 3 1 
1 3 4 2 
3 2 1 4 
---------447----------
4 1 2 3 
2 4 3 1 
3 2 1 4 
1 3 4 2 
---------448----------
4 1 2 3 
3 2 1 4 
1 3 4 2 
2 4 3 1 
---------449----------
4 1 2 3 
3 2 1 4 
1 4 3 2 
2 3 4 1 
---------450----------
4 1 2 3 
3 2 1 4 
2 3 4 1 
1 4 3 2 
---------451----------
4 1 2 3 
3 2 1 4 
2 4 3 1 
1 3 4 2 
---------452----------
4 1 2 3 
3 2 4 1 
1 4 3 2 
2 3 1 4 
---------453----------
4 1 2 3 
3 2 4 1 
2 3 1 4 
1 4 3 2 
---------454----------
4 1 2 3 
3 4 1 2 
1 2 3 4 
2 3 4 1 
---------455----------
4 1 2 3 
3 4 1 2 
2 3 4 1 
1 2 3 4 
---------456----------
4 1 3 2 
1 2 4 3 
2 3 1 4 
3 4 2 1 
---------457----------
4 1 3 2 
1 2 4 3 
3 4 2 1 
2 3 1 4 
---------458----------
4 1 3 2 
1 3 2 4 
2 4 1 3 
3 2 4 1 
---------459----------
4 1 3 2 
1 3 2 4 
3 2 4 1 
2 4 1 3 
---------460----------
4 1 3 2 
1 4 2 3 
2 3 1 4 
3 2 4 1 
---------461----------
4 1 3 2 
1 4 2 3 
2 3 4 1 
3 2 1 4 
---------462----------
4 1 3 2 
1 4 2 3 
3 2 1 4 
2 3 4 1 
---------463----------
4 1 3 2 
1 4 2 3 
3 2 4 1 
2 3 1 4 
---------464----------
4 1 3 2 
2 3 1 4 
1 2 4 3 
3 4 2 1 
---------465----------
4 1 3 2 
2 3 1 4 
1 4 2 3 
3 2 4 1 
---------466----------
4 1 3 2 
2 3 1 4 
3 2 4 1 
1 4 2 3 
---------467----------
4 1 3 2 
2 3 1 4 
3 4 2 1 
1 2 4 3 
---------468----------
4 1 3 2 
2 3 4 1 
1 4 2 3 
3 2 1 4 
---------469----------
4 1 3 2 
2 3 4 1 
3 2 1 4 
1 4 2 3 
---------470----------
4 1 3 2 
2 4 1 3 
1 3 2 4 
3 2 4 1 
---------471----------
4 1 3 2 
2 4 1 3 
3 2 4 1 
1 3 2 4 
---------472----------
4 1 3 2 
3 2 1 4 
1 4 2 3 
2 3 4 1 
---------473----------
4 1 3 2 
3 2 1 4 
2 3 4 1 
1 4 2 3 
---------474----------
4 1 3 2 
3 2 4 1 
1 3 2 4 
2 4 1 3 
---------475----------
4 1 3 2 
3 2 4 1 
1 4 2 3 
2 3 1 4 
---------476----------
4 1 3 2 
3 2 4 1 
2 3 1 4 
1 4 2 3 
---------477----------
4 1 3 2 
3 2 4 1 
2 4 1 3 
1 3 2 4 
---------478----------
4 1 3 2 
3 4 2 1 
1 2 4 3 
2 3 1 4 
---------479----------
4 1 3 2 
3 4 2 1 
2 3 1 4 
1 2 4 3 
---------480----------
4 2 1 3 
1 3 2 4 
2 4 3 1 
3 1 4 2 
---------481----------
4 2 1 3 
1 3 2 4 
3 1 4 2 
2 4 3 1 
---------482----------
4 2 1 3 
1 3 4 2 
2 1 3 4 
3 4 2 1 
---------483----------
4 2 1 3 
1 3 4 2 
2 4 3 1 
3 1 2 4 
---------484----------
4 2 1 3 
1 3 4 2 
3 1 2 4 
2 4 3 1 
---------485----------
4 2 1 3 
1 3 4 2 
3 4 2 1 
2 1 3 4 
---------486----------
4 2 1 3 
1 4 3 2 
2 3 4 1 
3 1 2 4 
---------487----------
4 2 1 3 
1 4 3 2 
3 1 2 4 
2 3 4 1 
---------488----------
4 2 1 3 
2 1 3 4 
1 3 4 2 
3 4 2 1 
---------489----------
4 2 1 3 
2 1 3 4 
3 4 2 1 
1 3 4 2 
---------490----------
4 2 1 3 
2 3 4 1 
1 4 3 2 
3 1 2 4 
---------491----------
4 2 1 3 
2 3 4 1 
3 1 2 4 
1 4 3 2 
---------492----------
4 2 1 3 
2 4 3 1 
1 3 2 4 
3 1 4 2 
---------493----------
4 2 1 3 
2 4 3 1 
1 3 4 2 
3 1 2 4 
---------494----------
4 2 1 3 
2 4 3 1 
3 1 2 4 
1 3 4 2 
---------495----------
4 2 1 3 
2 4 3 1 
3 1 4 2 
1 3 2 4 
---------496----------
4 2 1 3 
3 1 2 4 
1 3 4 2 
2 4 3 1 
---------497----------
4 2 1 3 
3 1 2 4 
1 4 3 2 
2 3 4 1 
---------498----------
4 2 1 3 
3 1 2 4 
2 3 4 1 
1 4 3 2 
---------499----------
4 2 1 3 
3 1 2 4 
2 4 3 1 
1 3 4 2 
---------500----------
4 2 1 3 
3 1 4 2 
1 3 2 4 
2 4 3 1 
---------501----------
4 2 1 3 
3 1 4 2 
2 4 3 1 
1 3 2 4 
---------502----------
4 2 1 3 
3 4 2 1 
1 3 4 2 
2 1 3 4 
---------503----------
4 2 1 3 
3 4 2 1 
2 1 3 4 
1 3 4 2 
---------504----------
4 2 3 1 
1 3 2 4 
2 1 4 3 
3 4 1 2 
---------505----------
4 2 3 1 
1 3 2 4 
2 4 1 3 
3 1 4 2 
---------506----------
4 2 3 1 
1 3 2 4 
3 1 4 2 
2 4 1 3 
---------507----------
4 2 3 1 
1 3 2 4 
3 4 1 2 
2 1 4 3 
---------508----------
4 2 3 1 
1 3 4 2 
2 4 1 3 
3 1 2 4 
---------509----------
4 2 3 1 
1 3 4 2 
3 1 2 4 
2 4 1 3 
---------510----------
4 2 3 1 
1 4 2 3 
2 3 1 4 
3 1 4 2 
---------511----------
4 2 3 1 
1 4 2 3 
3 1 4 2 
2 3 1 4 
---------512----------
4 2 3 1 
2 1 4 3 
1 3 2 4 
3 4 1 2 
---------513----------
4 2 3 1 
2 1 4 3 
3 4 1 2 
1 3 2 4 
---------514----------
4 2 3 1 
2 3 1 4 
1 4 2 3 
3 1 4 2 
---------515----------
4 2 3 1 
2 3 1 4 
3 1 4 2 
1 4 2 3 
---------516----------
4 2 3 1 
2 4 1 3 
1 3 2 4 
3 1 4 2 
---------517----------
4 2 3 1 
2 4 1 3 
1 3 4 2 
3 1 2 4 
---------518----------
4 2 3 1 
2 4 1 3 
3 1 2 4 
1 3 4 2 
---------519----------
4 2 3 1 
2 4 1 3 
3 1 4 2 
1 3 2 4 
---------520----------
4 2 3 1 
3 1 2 4 
1 3 4 2 
2 4 1 3 
---------521----------
4 2 3 1 
3 1 2 4 
2 4 1 3 
1 3 4 2 
---------522----------
4 2 3 1 
3 1 4 2 
1 3 2 4 
2 4 1 3 
---------523----------
4 2 3 1 
3 1 4 2 
1 4 2 3 
2 3 1 4 
---------524----------
4 2 3 1 
3 1 4 2 
2 3 1 4 
1 4 2 3 
---------525----------
4 2 3 1 
3 1 4 2 
2 4 1 3 
1 3 2 4 
---------526----------
4 2 3 1 
3 4 1 2 
1 3 2 4 
2 1 4 3 
---------527----------
4 2 3 1 
3 4 1 2 
2 1 4 3 
1 3 2 4 
---------528----------
4 3 1 2 
1 2 3 4 
2 1 4 3 
3 4 2 1 
---------529----------
4 3 1 2 
1 2 3 4 
3 4 2 1 
2 1 4 3 
---------530----------
4 3 1 2 
1 2 4 3 
2 1 3 4 
3 4 2 1 
---------531----------
4 3 1 2 
1 2 4 3 
2 4 3 1 
3 1 2 4 
---------532----------
4 3 1 2 
1 2 4 3 
3 1 2 4 
2 4 3 1 
---------533----------
4 3 1 2 
1 2 4 3 
3 4 2 1 
2 1 3 4 
---------534----------
4 3 1 2 
1 4 2 3 
2 1 3 4 
3 2 4 1 
---------535----------
4 3 1 2 
1 4 2 3 
3 2 4 1 
2 1 3 4 
---------536----------
4 3 1 2 
2 1 3 4 
1 2 4 3 
3 4 2 1 
---------537----------
4 3 1 2 
2 1 3 4 
1 4 2 3 
3 2 4 1 
---------538----------
4 3 1 2 
2 1 3 4 
3 2 4 1 
1 4 2 3 
---------539----------
4 3 1 2 
2 1 3 4 
3 4 2 1 
1 2 4 3 
---------540----------
4 3 1 2 
2 1 4 3 
1 2 3 4 
3 4 2 1 
---------541----------
4 3 1 2 
2 1 4 3 
3 4 2 1 
1 2 3 4 
---------542----------
4 3 1 2 
2 4 3 1 
1 2 4 3 
3 1 2 4 
---------543----------
4 3 1 2 
2 4 3 1 
3 1 2 4 
1 2 4 3 
---------544----------
4 3 1 2 
3 1 2 4 
1 2 4 3 
2 4 3 1 
---------545----------
4 3 1 2 
3 1 2 4 
2 4 3 1 
1 2 4 3 
---------546----------
4 3 1 2 
3 2 4 1 
1 4 2 3 
2 1 3 4 
---------547----------
4 3 1 2 
3 2 4 1 
2 1 3 4 
1 4 2 3 
---------548----------
4 3 1 2 
3 4 2 1 
1 2 3 4 
2 1 4 3 
---------549----------
4 3 1 2 
3 4 2 1 
1 2 4 3 
2 1 3 4 
---------550----------
4 3 1 2 
3 4 2 1 
2 1 3 4 
1 2 4 3 
---------551----------
4 3 1 2 
3 4 2 1 
2 1 4 3 
1 2 3 4 
---------552----------
4 3 2 1 
1 2 3 4 
2 1 4 3 
3 4 1 2 
---------553----------
4 3 2 1 
1 2 3 4 
2 4 1 3 
3 1 4 2 
---------554----------
4 3 2 1 
1 2 3 4 
3 1 4 2 
2 4 1 3 
---------555----------
4 3 2 1 
1 2 3 4 
3 4 1 2 
2 1 4 3 
---------556----------
4 3 2 1 
1 2 4 3 
2 1 3 4 
3 4 1 2 
---------557----------
4 3 2 1 
1 2 4 3 
3 4 1 2 
2 1 3 4 
---------558----------
4 3 2 1 
1 4 3 2 
2 1 4 3 
3 2 1 4 
---------559----------
4 3 2 1 
1 4 3 2 
3 2 1 4 
2 1 4 3 
---------560----------
4 3 2 1 
2 1 3 4 
1 2 4 3 
3 4 1 2 
---------561----------
4 3 2 1 
2 1 3 4 
3 4 1 2 
1 2 4 3 
---------562----------
4 3 2 1 
2 1 4 3 
1 2 3 4 
3 4 1 2 
---------563----------
4 3 2 1 
2 1 4 3 
1 4 3 2 
3 2 1 4 
---------564----------
4 3 2 1 
2 1 4 3 
3 2 1 4 
1 4 3 2 
---------565----------
4 3 2 1 
2 1 4 3 
3 4 1 2 
1 2 3 4 
---------566----------
4 3 2 1 
2 4 1 3 
1 2 3 4 
3 1 4 2 
---------567----------
4 3 2 1 
2 4 1 3 
3 1 4 2 
1 2 3 4 
---------568----------
4 3 2 1 
3 1 4 2 
1 2 3 4 
2 4 1 3 
---------569----------
4 3 2 1 
3 1 4 2 
2 4 1 3 
1 2 3 4 
---------570----------
4 3 2 1 
3 2 1 4 
1 4 3 2 
2 1 4 3 
---------571----------
4 3 2 1 
3 2 1 4 
2 1 4 3 
1 4 3 2 
---------572----------
4 3 2 1 
3 4 1 2 
1 2 3 4 
2 1 4 3 
---------573----------
4 3 2 1 
3 4 1 2 
1 2 4 3 
2 1 3 4 
---------574----------
4 3 2 1 
3 4 1 2 
2 1 3 4 
1 2 4 3 
---------575----------
4 3 2 1 
3 4 1 2 
2 1 4 3 
1 2 3 4 
---------576----------
