1 2 3 4 5 6 
2 1 4 3 6 5 
3 4 5 6 1 2 
4 3 6 5 2 1 
5 6 1 2 3 4 
6 5 2 1 4 3 
---------1----------
1 2 3 4 5 6 
2 1 4 3 6 5 
3 4 5 6 1 2 
4 3 6 5 2 1 
5 6 1 2 4 3 
6 5 2 1 3 4 
---------2----------
1 2 3 4 5 6 
2 1 4 3 6 5 
3 4 5 6 1 2 
4 3 6 5 2 1 
5 6 2 1 3 4 
6 5 1 2 4 3 
---------3----------
1 2 3 4 5 6 
2 1 4 3 6 5 
3 4 5 6 1 2 
4 3 6 5 2 1 
5 6 2 1 4 3 
6 5 1 2 3 4 
---------4----------
1 2 3 4 5 6 
2 1 4 3 6 5 
3 4 5 6 1 2 
4 3 6 5 2 1 
6 5 1 2 3 4 
5 6 2 1 4 3 
---------5----------
1 2 3 4 5 6 
2 1 4 3 6 5 
3 4 5 6 1 2 
4 3 6 5 2 1 
6 5 1 2 4 3 
5 6 2 1 3 4 
---------6----------
1 2 3 4 5 6 
2 1 4 3 6 5 
3 4 5 6 1 2 
4 3 6 5 2 1 
6 5 2 1 3 4 
5 6 1 2 4 3 
---------7----------
1 2 3 4 5 6 
2 1 4 3 6 5 
3 4 5 6 1 2 
4 3 6 5 2 1 
6 5 2 1 4 3 
5 6 1 2 3 4 
---------8----------
1 2 3 4 5 6 
2 1 4 3 6 5 
3 4 5 6 1 2 
4 5 6 1 2 3 
5 6 1 2 3 4 
6 3 2 5 4 1 
---------9----------
1 2 3 4 5 6 
2 1 4 3 6 5 
3 4 5 6 1 2 
4 5 6 1 2 3 
6 3 2 5 4 1 
5 6 1 2 3 4 
---------10----------
1 2 3 4 5 6 
2 1 4 3 6 5 
3 4 5 6 1 2 
4 5 6 2 3 1 
5 6 2 1 4 3 
6 3 1 5 2 4 
---------11----------
1 2 3 4 5 6 
2 1 4 3 6 5 
3 4 5 6 1 2 
4 5 6 2 3 1 
6 3 1 5 2 4 
5 6 2 1 4 3 
---------12----------
1 2 3 4 5 6 
2 1 4 3 6 5 
3 4 5 6 1 2 
4 6 1 5 2 3 
5 3 6 2 4 1 
6 5 2 1 3 4 
---------13----------
1 2 3 4 5 6 
2 1 4 3 6 5 
3 4 5 6 1 2 
4 6 1 5 2 3 
6 5 2 1 3 4 
5 3 6 2 4 1 
---------14----------
1 2 3 4 5 6 
2 1 4 3 6 5 
3 4 5 6 1 2 
4 6 2 5 3 1 
5 3 6 1 2 4 
6 5 1 2 4 3 
---------15----------
1 2 3 4 5 6 
2 1 4 3 6 5 
3 4 5 6 1 2 
4 6 2 5 3 1 
6 5 1 2 4 3 
5 3 6 1 2 4 
---------16----------
1 2 3 4 5 6 
2 1 4 3 6 5 
3 4 5 6 1 2 
5 3 6 1 2 4 
4 6 2 5 3 1 
6 5 1 2 4 3 
---------17----------
1 2 3 4 5 6 
2 1 4 3 6 5 
3 4 5 6 1 2 
5 3 6 1 2 4 
6 5 1 2 4 3 
4 6 2 5 3 1 
---------18----------
1 2 3 4 5 6 
2 1 4 3 6 5 
3 4 5 6 1 2 
5 3 6 2 4 1 
4 6 1 5 2 3 
6 5 2 1 3 4 
---------19----------
1 2 3 4 5 6 
2 1 4 3 6 5 
3 4 5 6 1 2 
5 3 6 2 4 1 
6 5 2 1 3 4 
4 6 1 5 2 3 
---------20----------
1 2 3 4 5 6 
2 1 4 3 6 5 
3 4 5 6 1 2 
5 6 1 2 3 4 
4 3 6 5 2 1 
6 5 2 1 4 3 
---------21----------
1 2 3 4 5 6 
2 1 4 3 6 5 
3 4 5 6 1 2 
5 6 1 2 3 4 
4 5 6 1 2 3 
6 3 2 5 4 1 
---------22----------
1 2 3 4 5 6 
2 1 4 3 6 5 
3 4 5 6 1 2 
5 6 1 2 3 4 
6 3 2 5 4 1 
4 5 6 1 2 3 
---------23----------
1 2 3 4 5 6 
2 1 4 3 6 5 
3 4 5 6 1 2 
5 6 1 2 3 4 
6 5 2 1 4 3 
4 3 6 5 2 1 
---------24----------
1 2 3 4 5 6 
2 1 4 3 6 5 
3 4 5 6 1 2 
5 6 1 2 4 3 
4 3 6 5 2 1 
6 5 2 1 3 4 
---------25----------
1 2 3 4 5 6 
2 1 4 3 6 5 
3 4 5 6 1 2 
5 6 1 2 4 3 
6 5 2 1 3 4 
4 3 6 5 2 1 
---------26----------
1 2 3 4 5 6 
2 1 4 3 6 5 
3 4 5 6 1 2 
5 6 2 1 3 4 
4 3 6 5 2 1 
6 5 1 2 4 3 
---------27----------
1 2 3 4 5 6 
2 1 4 3 6 5 
3 4 5 6 1 2 
5 6 2 1 3 4 
6 5 1 2 4 3 
4 3 6 5 2 1 
---------28----------
1 2 3 4 5 6 
2 1 4 3 6 5 
3 4 5 6 1 2 
5 6 2 1 4 3 
4 3 6 5 2 1 
6 5 1 2 3 4 
---------29----------
1 2 3 4 5 6 
2 1 4 3 6 5 
3 4 5 6 1 2 
5 6 2 1 4 3 
4 5 6 2 3 1 
6 3 1 5 2 4 
---------30----------
1 2 3 4 5 6 
2 1 4 3 6 5 
3 4 5 6 1 2 
5 6 2 1 4 3 
6 3 1 5 2 4 
4 5 6 2 3 1 
---------31----------
1 2 3 4 5 6 
2 1 4 3 6 5 
3 4 5 6 1 2 
5 6 2 1 4 3 
6 5 1 2 3 4 
4 3 6 5 2 1 
---------32----------
1 2 3 4 5 6 
2 1 4 3 6 5 
3 4 5 6 1 2 
6 3 1 5 2 4 
4 5 6 2 3 1 
5 6 2 1 4 3 
---------33----------
1 2 3 4 5 6 
2 1 4 3 6 5 
3 4 5 6 1 2 
6 3 1 5 2 4 
5 6 2 1 4 3 
4 5 6 2 3 1 
---------34----------
1 2 3 4 5 6 
2 1 4 3 6 5 
3 4 5 6 1 2 
6 3 2 5 4 1 
4 5 6 1 2 3 
5 6 1 2 3 4 
---------35----------
1 2 3 4 5 6 
2 1 4 3 6 5 
3 4 5 6 1 2 
6 3 2 5 4 1 
5 6 1 2 3 4 
4 5 6 1 2 3 
---------36----------
1 2 3 4 5 6 
2 1 4 3 6 5 
3 4 5 6 1 2 
6 5 1 2 3 4 
4 3 6 5 2 1 
5 6 2 1 4 3 
---------37----------
1 2 3 4 5 6 
2 1 4 3 6 5 
3 4 5 6 1 2 
6 5 1 2 3 4 
5 6 2 1 4 3 
4 3 6 5 2 1 
---------38----------
1 2 3 4 5 6 
2 1 4 3 6 5 
3 4 5 6 1 2 
6 5 1 2 4 3 
4 3 6 5 2 1 
5 6 2 1 3 4 
---------39----------
1 2 3 4 5 6 
2 1 4 3 6 5 
3 4 5 6 1 2 
6 5 1 2 4 3 
4 6 2 5 3 1 
5 3 6 1 2 4 
---------40----------
1 2 3 4 5 6 
2 1 4 3 6 5 
3 4 5 6 1 2 
6 5 1 2 4 3 
5 3 6 1 2 4 
4 6 2 5 3 1 
---------41----------
1 2 3 4 5 6 
2 1 4 3 6 5 
3 4 5 6 1 2 
6 5 1 2 4 3 
5 6 2 1 3 4 
4 3 6 5 2 1 
---------42----------
1 2 3 4 5 6 
2 1 4 3 6 5 
3 4 5 6 1 2 
6 5 2 1 3 4 
4 3 6 5 2 1 
5 6 1 2 4 3 
---------43----------
1 2 3 4 5 6 
2 1 4 3 6 5 
3 4 5 6 1 2 
6 5 2 1 3 4 
4 6 1 5 2 3 
5 3 6 2 4 1 
---------44----------
1 2 3 4 5 6 
2 1 4 3 6 5 
3 4 5 6 1 2 
6 5 2 1 3 4 
5 3 6 2 4 1 
4 6 1 5 2 3 
---------45----------
1 2 3 4 5 6 
2 1 4 3 6 5 
3 4 5 6 1 2 
6 5 2 1 3 4 
5 6 1 2 4 3 
4 3 6 5 2 1 
---------46----------
1 2 3 4 5 6 
2 1 4 3 6 5 
3 4 5 6 1 2 
6 5 2 1 4 3 
4 3 6 5 2 1 
5 6 1 2 3 4 
---------47----------
1 2 3 4 5 6 
2 1 4 3 6 5 
3 4 5 6 1 2 
6 5 2 1 4 3 
5 6 1 2 3 4 
4 3 6 5 2 1 
---------48----------
1 2 3 4 5 6 
2 1 4 3 6 5 
3 4 5 6 2 1 
4 3 6 5 1 2 
5 6 1 2 3 4 
6 5 2 1 4 3 
---------49----------
1 2 3 4 5 6 
2 1 4 3 6 5 
3 4 5 6 2 1 
4 3 6 5 1 2 
5 6 1 2 4 3 
6 5 2 1 3 4 
---------50----------
1 2 3 4 5 6 
2 1 4 3 6 5 
3 4 5 6 2 1 
4 3 6 5 1 2 
5 6 2 1 3 4 
6 5 1 2 4 3 
---------51----------
1 2 3 4 5 6 
2 1 4 3 6 5 
3 4 5 6 2 1 
4 3 6 5 1 2 
5 6 2 1 4 3 
6 5 1 2 3 4 
---------52----------
1 2 3 4 5 6 
2 1 4 3 6 5 
3 4 5 6 2 1 
4 3 6 5 1 2 
6 5 1 2 3 4 
5 6 2 1 4 3 
---------53----------
1 2 3 4 5 6 
2 1 4 3 6 5 
3 4 5 6 2 1 
4 3 6 5 1 2 
6 5 1 2 4 3 
5 6 2 1 3 4 
---------54----------
1 2 3 4 5 6 
2 1 4 3 6 5 
3 4 5 6 2 1 
4 3 6 5 1 2 
6 5 2 1 3 4 
5 6 1 2 4 3 
---------55----------
1 2 3 4 5 6 
2 1 4 3 6 5 
3 4 5 6 2 1 
4 3 6 5 1 2 
6 5 2 1 4 3 
5 6 1 2 3 4 
---------56----------
1 2 3 4 5 6 
2 1 4 3 6 5 
3 4 5 6 2 1 
4 5 6 1 3 2 
5 6 1 2 4 3 
6 3 2 5 1 4 
---------57----------
1 2 3 4 5 6 
2 1 4 3 6 5 
3 4 5 6 2 1 
4 5 6 1 3 2 
6 3 2 5 1 4 
5 6 1 2 4 3 
---------58----------
1 2 3 4 5 6 
2 1 4 3 6 5 
3 4 5 6 2 1 
4 5 6 2 1 3 
5 6 2 1 3 4 
6 3 1 5 4 2 
---------59----------
1 2 3 4 5 6 
2 1 4 3 6 5 
3 4 5 6 2 1 
4 5 6 2 1 3 
6 3 1 5 4 2 
5 6 2 1 3 4 
---------60----------
1 2 3 4 5 6 
2 1 4 3 6 5 
3 4 5 6 2 1 
4 6 1 5 3 2 
5 3 6 2 1 4 
6 5 2 1 4 3 
---------61----------
1 2 3 4 5 6 
2 1 4 3 6 5 
3 4 5 6 2 1 
4 6 1 5 3 2 
6 5 2 1 4 3 
5 3 6 2 1 4 
---------62----------
1 2 3 4 5 6 
2 1 4 3 6 5 
3 4 5 6 2 1 
4 6 2 5 1 3 
5 3 6 1 4 2 
6 5 1 2 3 4 
---------63----------
1 2 3 4 5 6 
2 1 4 3 6 5 
3 4 5 6 2 1 
4 6 2 5 1 3 
6 5 1 2 3 4 
5 3 6 1 4 2 
---------64----------
1 2 3 4 5 6 
2 1 4 3 6 5 
3 4 5 6 2 1 
5 3 6 1 4 2 
4 6 2 5 1 3 
6 5 1 2 3 4 
---------65----------
1 2 3 4 5 6 
2 1 4 3 6 5 
3 4 5 6 2 1 
5 3 6 1 4 2 
6 5 1 2 3 4 
4 6 2 5 1 3 
---------66----------
1 2 3 4 5 6 
2 1 4 3 6 5 
3 4 5 6 2 1 
5 3 6 2 1 4 
4 6 1 5 3 2 
6 5 2 1 4 3 
---------67----------
1 2 3 4 5 6 
2 1 4 3 6 5 
3 4 5 6 2 1 
5 3 6 2 1 4 
6 5 2 1 4 3 
4 6 1 5 3 2 
---------68----------
1 2 3 4 5 6 
2 1 4 3 6 5 
3 4 5 6 2 1 
5 6 1 2 3 4 
4 3 6 5 1 2 
6 5 2 1 4 3 
---------69----------
1 2 3 4 5 6 
2 1 4 3 6 5 
3 4 5 6 2 1 
5 6 1 2 3 4 
6 5 2 1 4 3 
4 3 6 5 1 2 
---------70----------
1 2 3 4 5 6 
2 1 4 3 6 5 
3 4 5 6 2 1 
5 6 1 2 4 3 
4 3 6 5 1 2 
6 5 2 1 3 4 
---------71----------
1 2 3 4 5 6 
2 1 4 3 6 5 
3 4 5 6 2 1 
5 6 1 2 4 3 
4 5 6 1 3 2 
6 3 2 5 1 4 
---------72----------
1 2 3 4 5 6 
2 1 4 3 6 5 
3 4 5 6 2 1 
5 6 1 2 4 3 
6 3 2 5 1 4 
4 5 6 1 3 2 
---------73----------
1 2 3 4 5 6 
2 1 4 3 6 5 
3 4 5 6 2 1 
5 6 1 2 4 3 
6 5 2 1 3 4 
4 3 6 5 1 2 
---------74----------
1 2 3 4 5 6 
2 1 4 3 6 5 
3 4 5 6 2 1 
5 6 2 1 3 4 
4 3 6 5 1 2 
6 5 1 2 4 3 
---------75----------
1 2 3 4 5 6 
2 1 4 3 6 5 
3 4 5 6 2 1 
5 6 2 1 3 4 
4 5 6 2 1 3 
6 3 1 5 4 2 
---------76----------
1 2 3 4 5 6 
2 1 4 3 6 5 
3 4 5 6 2 1 
5 6 2 1 3 4 
6 3 1 5 4 2 
4 5 6 2 1 3 
---------77----------
1 2 3 4 5 6 
2 1 4 3 6 5 
3 4 5 6 2 1 
5 6 2 1 3 4 
6 5 1 2 4 3 
4 3 6 5 1 2 
---------78----------
1 2 3 4 5 6 
2 1 4 3 6 5 
3 4 5 6 2 1 
5 6 2 1 4 3 
4 3 6 5 1 2 
6 5 1 2 3 4 
---------79----------
1 2 3 4 5 6 
2 1 4 3 6 5 
3 4 5 6 2 1 
5 6 2 1 4 3 
6 5 1 2 3 4 
4 3 6 5 1 2 
---------80----------
1 2 3 4 5 6 
2 1 4 3 6 5 
3 4 5 6 2 1 
6 3 1 5 4 2 
4 5 6 2 1 3 
5 6 2 1 3 4 
---------81----------
1 2 3 4 5 6 
2 1 4 3 6 5 
3 4 5 6 2 1 
6 3 1 5 4 2 
5 6 2 1 3 4 
4 5 6 2 1 3 
---------82----------
1 2 3 4 5 6 
2 1 4 3 6 5 
3 4 5 6 2 1 
6 3 2 5 1 4 
4 5 6 1 3 2 
5 6 1 2 4 3 
---------83----------
1 2 3 4 5 6 
2 1 4 3 6 5 
3 4 5 6 2 1 
6 3 2 5 1 4 
5 6 1 2 4 3 
4 5 6 1 3 2 
---------84----------
1 2 3 4 5 6 
2 1 4 3 6 5 
3 4 5 6 2 1 
6 5 1 2 3 4 
4 3 6 5 1 2 
5 6 2 1 4 3 
---------85----------
1 2 3 4 5 6 
2 1 4 3 6 5 
3 4 5 6 2 1 
6 5 1 2 3 4 
4 6 2 5 1 3 
5 3 6 1 4 2 
---------86----------
1 2 3 4 5 6 
2 1 4 3 6 5 
3 4 5 6 2 1 
6 5 1 2 3 4 
5 3 6 1 4 2 
4 6 2 5 1 3 
---------87----------
1 2 3 4 5 6 
2 1 4 3 6 5 
3 4 5 6 2 1 
6 5 1 2 3 4 
5 6 2 1 4 3 
4 3 6 5 1 2 
---------88----------
1 2 3 4 5 6 
2 1 4 3 6 5 
3 4 5 6 2 1 
6 5 1 2 4 3 
4 3 6 5 1 2 
5 6 2 1 3 4 
---------89----------
1 2 3 4 5 6 
2 1 4 3 6 5 
3 4 5 6 2 1 
6 5 1 2 4 3 
5 6 2 1 3 4 
4 3 6 5 1 2 
---------90----------
1 2 3 4 5 6 
2 1 4 3 6 5 
3 4 5 6 2 1 
6 5 2 1 3 4 
4 3 6 5 1 2 
5 6 1 2 4 3 
---------91----------
1 2 3 4 5 6 
2 1 4 3 6 5 
3 4 5 6 2 1 
6 5 2 1 3 4 
5 6 1 2 4 3 
4 3 6 5 1 2 
---------92----------
1 2 3 4 5 6 
2 1 4 3 6 5 
3 4 5 6 2 1 
6 5 2 1 4 3 
4 3 6 5 1 2 
5 6 1 2 3 4 
---------93----------
1 2 3 4 5 6 
2 1 4 3 6 5 
3 4 5 6 2 1 
6 5 2 1 4 3 
4 6 1 5 3 2 
5 3 6 2 1 4 
---------94----------
1 2 3 4 5 6 
2 1 4 3 6 5 
3 4 5 6 2 1 
6 5 2 1 4 3 
5 3 6 2 1 4 
4 6 1 5 3 2 
---------95----------
1 2 3 4 5 6 
2 1 4 3 6 5 
3 4 5 6 2 1 
6 5 2 1 4 3 
5 6 1 2 3 4 
4 3 6 5 1 2 
---------96----------
1 2 3 4 5 6 
2 1 4 3 6 5 
3 4 6 5 1 2 
4 3 5 6 2 1 
5 6 1 2 3 4 
6 5 2 1 4 3 
---------97----------
1 2 3 4 5 6 
2 1 4 3 6 5 
3 4 6 5 1 2 
4 3 5 6 2 1 
5 6 1 2 4 3 
6 5 2 1 3 4 
---------98----------
1 2 3 4 5 6 
2 1 4 3 6 5 
3 4 6 5 1 2 
4 3 5 6 2 1 
5 6 2 1 3 4 
6 5 1 2 4 3 
---------99----------
1 2 3 4 5 6 
2 1 4 3 6 5 
3 4 6 5 1 2 
4 3 5 6 2 1 
5 6 2 1 4 3 
6 5 1 2 3 4 
---------100----------
1 2 3 4 5 6 
2 1 4 3 6 5 
3 4 6 5 1 2 
4 3 5 6 2 1 
6 5 1 2 3 4 
5 6 2 1 4 3 
---------101----------
1 2 3 4 5 6 
2 1 4 3 6 5 
3 4 6 5 1 2 
4 3 5 6 2 1 
6 5 1 2 4 3 
5 6 2 1 3 4 
---------102----------
1 2 3 4 5 6 
2 1 4 3 6 5 
3 4 6 5 1 2 
4 3 5 6 2 1 
6 5 2 1 3 4 
5 6 1 2 4 3 
---------103----------
1 2 3 4 5 6 
2 1 4 3 6 5 
3 4 6 5 1 2 
4 3 5 6 2 1 
6 5 2 1 4 3 
5 6 1 2 3 4 
---------104----------
1 2 3 4 5 6 
2 1 4 3 6 5 
3 4 6 5 1 2 
4 5 1 6 2 3 
5 6 2 1 3 4 
6 3 5 2 4 1 
---------105----------
1 2 3 4 5 6 
2 1 4 3 6 5 
3 4 6 5 1 2 
4 5 1 6 2 3 
6 3 5 2 4 1 
5 6 2 1 3 4 
---------106----------
1 2 3 4 5 6 
2 1 4 3 6 5 
3 4 6 5 1 2 
4 5 2 6 3 1 
5 6 1 2 4 3 
6 3 5 1 2 4 
---------107----------
1 2 3 4 5 6 
2 1 4 3 6 5 
3 4 6 5 1 2 
4 5 2 6 3 1 
6 3 5 1 2 4 
5 6 1 2 4 3 
---------108----------
1 2 3 4 5 6 
2 1 4 3 6 5 
3 4 6 5 1 2 
4 6 5 1 2 3 
5 3 2 6 4 1 
6 5 1 2 3 4 
---------109----------
1 2 3 4 5 6 
2 1 4 3 6 5 
3 4 6 5 1 2 
4 6 5 1 2 3 
6 5 1 2 3 4 
5 3 2 6 4 1 
---------110----------
1 2 3 4 5 6 
2 1 4 3 6 5 
3 4 6 5 1 2 
4 6 5 2 3 1 
5 3 1 6 2 4 
6 5 2 1 4 3 
---------111----------
1 2 3 4 5 6 
2 1 4 3 6 5 
3 4 6 5 1 2 
4 6 5 2 3 1 
6 5 2 1 4 3 
5 3 1 6 2 4 
---------112----------
1 2 3 4 5 6 
2 1 4 3 6 5 
3 4 6 5 1 2 
5 3 1 6 2 4 
4 6 5 2 3 1 
6 5 2 1 4 3 
---------113----------
1 2 3 4 5 6 
2 1 4 3 6 5 
3 4 6 5 1 2 
5 3 1 6 2 4 
6 5 2 1 4 3 
4 6 5 2 3 1 
---------114----------
1 2 3 4 5 6 
2 1 4 3 6 5 
3 4 6 5 1 2 
5 3 2 6 4 1 
4 6 5 1 2 3 
6 5 1 2 3 4 
---------115----------
1 2 3 4 5 6 
2 1 4 3 6 5 
3 4 6 5 1 2 
5 3 2 6 4 1 
6 5 1 2 3 4 
4 6 5 1 2 3 
---------116----------
1 2 3 4 5 6 
2 1 4 3 6 5 
3 4 6 5 1 2 
5 6 1 2 3 4 
4 3 5 6 2 1 
6 5 2 1 4 3 
---------117----------
1 2 3 4 5 6 
2 1 4 3 6 5 
3 4 6 5 1 2 
5 6 1 2 3 4 
6 5 2 1 4 3 
4 3 5 6 2 1 
---------118----------
1 2 3 4 5 6 
2 1 4 3 6 5 
3 4 6 5 1 2 
5 6 1 2 4 3 
4 3 5 6 2 1 
6 5 2 1 3 4 
---------119----------
1 2 3 4 5 6 
2 1 4 3 6 5 
3 4 6 5 1 2 
5 6 1 2 4 3 
4 5 2 6 3 1 
6 3 5 1 2 4 
---------120----------
1 2 3 4 5 6 
2 1 4 3 6 5 
3 4 6 5 1 2 
5 6 1 2 4 3 
6 3 5 1 2 4 
4 5 2 6 3 1 
---------121----------
1 2 3 4 5 6 
2 1 4 3 6 5 
3 4 6 5 1 2 
5 6 1 2 4 3 
6 5 2 1 3 4 
4 3 5 6 2 1 
---------122----------
1 2 3 4 5 6 
2 1 4 3 6 5 
3 4 6 5 1 2 
5 6 2 1 3 4 
4 3 5 6 2 1 
6 5 1 2 4 3 
---------123----------
1 2 3 4 5 6 
2 1 4 3 6 5 
3 4 6 5 1 2 
5 6 2 1 3 4 
4 5 1 6 2 3 
6 3 5 2 4 1 
---------124----------
1 2 3 4 5 6 
2 1 4 3 6 5 
3 4 6 5 1 2 
5 6 2 1 3 4 
6 3 5 2 4 1 
4 5 1 6 2 3 
---------125----------
1 2 3 4 5 6 
2 1 4 3 6 5 
3 4 6 5 1 2 
5 6 2 1 3 4 
6 5 1 2 4 3 
4 3 5 6 2 1 
---------126----------
1 2 3 4 5 6 
2 1 4 3 6 5 
3 4 6 5 1 2 
5 6 2 1 4 3 
4 3 5 6 2 1 
6 5 1 2 3 4 
---------127----------
1 2 3 4 5 6 
2 1 4 3 6 5 
3 4 6 5 1 2 
5 6 2 1 4 3 
6 5 1 2 3 4 
4 3 5 6 2 1 
---------128----------
1 2 3 4 5 6 
2 1 4 3 6 5 
3 4 6 5 1 2 
6 3 5 1 2 4 
4 5 2 6 3 1 
5 6 1 2 4 3 
---------129----------
1 2 3 4 5 6 
2 1 4 3 6 5 
3 4 6 5 1 2 
6 3 5 1 2 4 
5 6 1 2 4 3 
4 5 2 6 3 1 
---------130----------
1 2 3 4 5 6 
2 1 4 3 6 5 
3 4 6 5 1 2 
6 3 5 2 4 1 
4 5 1 6 2 3 
5 6 2 1 3 4 
---------131----------
1 2 3 4 5 6 
2 1 4 3 6 5 
3 4 6 5 1 2 
6 3 5 2 4 1 
5 6 2 1 3 4 
4 5 1 6 2 3 
---------132----------
1 2 3 4 5 6 
2 1 4 3 6 5 
3 4 6 5 1 2 
6 5 1 2 3 4 
4 3 5 6 2 1 
5 6 2 1 4 3 
---------133----------
1 2 3 4 5 6 
2 1 4 3 6 5 
3 4 6 5 1 2 
6 5 1 2 3 4 
4 6 5 1 2 3 
5 3 2 6 4 1 
---------134----------
1 2 3 4 5 6 
2 1 4 3 6 5 
3 4 6 5 1 2 
6 5 1 2 3 4 
5 3 2 6 4 1 
4 6 5 1 2 3 
---------135----------
1 2 3 4 5 6 
2 1 4 3 6 5 
3 4 6 5 1 2 
6 5 1 2 3 4 
5 6 2 1 4 3 
4 3 5 6 2 1 
---------136----------
1 2 3 4 5 6 
2 1 4 3 6 5 
3 4 6 5 1 2 
6 5 1 2 4 3 
4 3 5 6 2 1 
5 6 2 1 3 4 
---------137----------
1 2 3 4 5 6 
2 1 4 3 6 5 
3 4 6 5 1 2 
6 5 1 2 4 3 
5 6 2 1 3 4 
4 3 5 6 2 1 
---------138----------
1 2 3 4 5 6 
2 1 4 3 6 5 
3 4 6 5 1 2 
6 5 2 1 3 4 
4 3 5 6 2 1 
5 6 1 2 4 3 
---------139----------
1 2 3 4 5 6 
2 1 4 3 6 5 
3 4 6 5 1 2 
6 5 2 1 3 4 
5 6 1 2 4 3 
4 3 5 6 2 1 
---------140----------
1 2 3 4 5 6 
2 1 4 3 6 5 
3 4 6 5 1 2 
6 5 2 1 4 3 
4 3 5 6 2 1 
5 6 1 2 3 4 
---------141----------
1 2 3 4 5 6 
2 1 4 3 6 5 
3 4 6 5 1 2 
6 5 2 1 4 3 
4 6 5 2 3 1 
5 3 1 6 2 4 
---------142----------
1 2 3 4 5 6 
2 1 4 3 6 5 
3 4 6 5 1 2 
6 5 2 1 4 3 
5 3 1 6 2 4 
4 6 5 2 3 1 
---------143----------
1 2 3 4 5 6 
2 1 4 3 6 5 
3 4 6 5 1 2 
6 5 2 1 4 3 
5 6 1 2 3 4 
4 3 5 6 2 1 
---------144----------
1 2 3 4 5 6 
2 1 4 3 6 5 
3 4 6 5 2 1 
4 3 5 6 1 2 
5 6 1 2 3 4 
6 5 2 1 4 3 
---------145----------
1 2 3 4 5 6 
2 1 4 3 6 5 
3 4 6 5 2 1 
4 3 5 6 1 2 
5 6 1 2 4 3 
6 5 2 1 3 4 
---------146----------
1 2 3 4 5 6 
2 1 4 3 6 5 
3 4 6 5 2 1 
4 3 5 6 1 2 
5 6 2 1 3 4 
6 5 1 2 4 3 
---------147----------
1 2 3 4 5 6 
2 1 4 3 6 5 
3 4 6 5 2 1 
4 3 5 6 1 2 
5 6 2 1 4 3 
6 5 1 2 3 4 
---------148----------
1 2 3 4 5 6 
2 1 4 3 6 5 
3 4 6 5 2 1 
4 3 5 6 1 2 
6 5 1 2 3 4 
5 6 2 1 4 3 
---------149----------
1 2 3 4 5 6 
2 1 4 3 6 5 
3 4 6 5 2 1 
4 3 5 6 1 2 
6 5 1 2 4 3 
5 6 2 1 3 4 
---------150----------
1 2 3 4 5 6 
2 1 4 3 6 5 
3 4 6 5 2 1 
4 3 5 6 1 2 
6 5 2 1 3 4 
5 6 1 2 4 3 
---------151----------
1 2 3 4 5 6 
2 1 4 3 6 5 
3 4 6 5 2 1 
4 3 5 6 1 2 
6 5 2 1 4 3 
5 6 1 2 3 4 
---------152----------
1 2 3 4 5 6 
2 1 4 3 6 5 
3 4 6 5 2 1 
4 5 1 6 3 2 
5 6 2 1 4 3 
6 3 5 2 1 4 
---------153----------
1 2 3 4 5 6 
2 1 4 3 6 5 
3 4 6 5 2 1 
4 5 1 6 3 2 
6 3 5 2 1 4 
5 6 2 1 4 3 
---------154----------
1 2 3 4 5 6 
2 1 4 3 6 5 
3 4 6 5 2 1 
4 5 2 6 1 3 
5 6 1 2 3 4 
6 3 5 1 4 2 
---------155----------
1 2 3 4 5 6 
2 1 4 3 6 5 
3 4 6 5 2 1 
4 5 2 6 1 3 
6 3 5 1 4 2 
5 6 1 2 3 4 
---------156----------
1 2 3 4 5 6 
2 1 4 3 6 5 
3 4 6 5 2 1 
4 6 5 1 3 2 
5 3 2 6 1 4 
6 5 1 2 4 3 
---------157----------
1 2 3 4 5 6 
2 1 4 3 6 5 
3 4 6 5 2 1 
4 6 5 1 3 2 
6 5 1 2 4 3 
5 3 2 6 1 4 
---------158----------
1 2 3 4 5 6 
2 1 4 3 6 5 
3 4 6 5 2 1 
4 6 5 2 1 3 
5 3 1 6 4 2 
6 5 2 1 3 4 
---------159----------
1 2 3 4 5 6 
2 1 4 3 6 5 
3 4 6 5 2 1 
4 6 5 2 1 3 
6 5 2 1 3 4 
5 3 1 6 4 2 
---------160----------
1 2 3 4 5 6 
2 1 4 3 6 5 
3 4 6 5 2 1 
5 3 1 6 4 2 
4 6 5 2 1 3 
6 5 2 1 3 4 
---------161----------
1 2 3 4 5 6 
2 1 4 3 6 5 
3 4 6 5 2 1 
5 3 1 6 4 2 
6 5 2 1 3 4 
4 6 5 2 1 3 
---------162----------
1 2 3 4 5 6 
2 1 4 3 6 5 
3 4 6 5 2 1 
5 3 2 6 1 4 
4 6 5 1 3 2 
6 5 1 2 4 3 
---------163----------
1 2 3 4 5 6 
2 1 4 3 6 5 
3 4 6 5 2 1 
5 3 2 6 1 4 
6 5 1 2 4 3 
4 6 5 1 3 2 
---------164----------
1 2 3 4 5 6 
2 1 4 3 6 5 
3 4 6 5 2 1 
5 6 1 2 3 4 
4 3 5 6 1 2 
6 5 2 1 4 3 
---------165----------
1 2 3 4 5 6 
2 1 4 3 6 5 
3 4 6 5 2 1 
5 6 1 2 3 4 
4 5 2 6 1 3 
6 3 5 1 4 2 
---------166----------
1 2 3 4 5 6 
2 1 4 3 6 5 
3 4 6 5 2 1 
5 6 1 2 3 4 
6 3 5 1 4 2 
4 5 2 6 1 3 
---------167----------
1 2 3 4 5 6 
2 1 4 3 6 5 
3 4 6 5 2 1 
5 6 1 2 3 4 
6 5 2 1 4 3 
4 3 5 6 1 2 
---------168----------
1 2 3 4 5 6 
2 1 4 3 6 5 
3 4 6 5 2 1 
5 6 1 2 4 3 
4 3 5 6 1 2 
6 5 2 1 3 4 
---------169----------
1 2 3 4 5 6 
2 1 4 3 6 5 
3 4 6 5 2 1 
5 6 1 2 4 3 
6 5 2 1 3 4 
4 3 5 6 1 2 
---------170----------
1 2 3 4 5 6 
2 1 4 3 6 5 
3 4 6 5 2 1 
5 6 2 1 3 4 
4 3 5 6 1 2 
6 5 1 2 4 3 
---------171----------
1 2 3 4 5 6 
2 1 4 3 6 5 
3 4 6 5 2 1 
5 6 2 1 3 4 
6 5 1 2 4 3 
4 3 5 6 1 2 
---------172----------
1 2 3 4 5 6 
2 1 4 3 6 5 
3 4 6 5 2 1 
5 6 2 1 4 3 
4 3 5 6 1 2 
6 5 1 2 3 4 
---------173----------
1 2 3 4 5 6 
2 1 4 3 6 5 
3 4 6 5 2 1 
5 6 2 1 4 3 
4 5 1 6 3 2 
6 3 5 2 1 4 
---------174----------
1 2 3 4 5 6 
2 1 4 3 6 5 
3 4 6 5 2 1 
5 6 2 1 4 3 
6 3 5 2 1 4 
4 5 1 6 3 2 
---------175----------
1 2 3 4 5 6 
2 1 4 3 6 5 
3 4 6 5 2 1 
5 6 2 1 4 3 
6 5 1 2 3 4 
4 3 5 6 1 2 
---------176----------
1 2 3 4 5 6 
2 1 4 3 6 5 
3 4 6 5 2 1 
6 3 5 1 4 2 
4 5 2 6 1 3 
5 6 1 2 3 4 
---------177----------
1 2 3 4 5 6 
2 1 4 3 6 5 
3 4 6 5 2 1 
6 3 5 1 4 2 
5 6 1 2 3 4 
4 5 2 6 1 3 
---------178----------
1 2 3 4 5 6 
2 1 4 3 6 5 
3 4 6 5 2 1 
6 3 5 2 1 4 
4 5 1 6 3 2 
5 6 2 1 4 3 
---------179----------
1 2 3 4 5 6 
2 1 4 3 6 5 
3 4 6 5 2 1 
6 3 5 2 1 4 
5 6 2 1 4 3 
4 5 1 6 3 2 
---------180----------
1 2 3 4 5 6 
2 1 4 3 6 5 
3 4 6 5 2 1 
6 5 1 2 3 4 
4 3 5 6 1 2 
5 6 2 1 4 3 
---------181----------
1 2 3 4 5 6 
2 1 4 3 6 5 
3 4 6 5 2 1 
6 5 1 2 3 4 
5 6 2 1 4 3 
4 3 5 6 1 2 
---------182----------
1 2 3 4 5 6 
2 1 4 3 6 5 
3 4 6 5 2 1 
6 5 1 2 4 3 
4 3 5 6 1 2 
5 6 2 1 3 4 
---------183----------
1 2 3 4 5 6 
2 1 4 3 6 5 
3 4 6 5 2 1 
6 5 1 2 4 3 
4 6 5 1 3 2 
5 3 2 6 1 4 
---------184----------
1 2 3 4 5 6 
2 1 4 3 6 5 
3 4 6 5 2 1 
6 5 1 2 4 3 
5 3 2 6 1 4 
4 6 5 1 3 2 
---------185----------
1 2 3 4 5 6 
2 1 4 3 6 5 
3 4 6 5 2 1 
6 5 1 2 4 3 
5 6 2 1 3 4 
4 3 5 6 1 2 
---------186----------
1 2 3 4 5 6 
2 1 4 3 6 5 
3 4 6 5 2 1 
6 5 2 1 3 4 
4 3 5 6 1 2 
5 6 1 2 4 3 
---------187----------
1 2 3 4 5 6 
2 1 4 3 6 5 
3 4 6 5 2 1 
6 5 2 1 3 4 
4 6 5 2 1 3 
5 3 1 6 4 2 
---------188----------
1 2 3 4 5 6 
2 1 4 3 6 5 
3 4 6 5 2 1 
6 5 2 1 3 4 
5 3 1 6 4 2 
4 6 5 2 1 3 
---------189----------
1 2 3 4 5 6 
2 1 4 3 6 5 
3 4 6 5 2 1 
6 5 2 1 3 4 
5 6 1 2 4 3 
4 3 5 6 1 2 
---------190----------
1 2 3 4 5 6 
2 1 4 3 6 5 
3 4 6 5 2 1 
6 5 2 1 4 3 
4 3 5 6 1 2 
5 6 1 2 3 4 
---------191----------
1 2 3 4 5 6 
2 1 4 3 6 5 
3 4 6 5 2 1 
6 5 2 1 4 3 
5 6 1 2 3 4 
4 3 5 6 1 2 
---------192----------
1 2 3 4 5 6 
2 1 4 3 6 5 
3 5 1 6 2 4 
4 3 6 5 1 2 
5 6 2 1 4 3 
6 4 5 2 3 1 
---------193----------
1 2 3 4 5 6 
2 1 4 3 6 5 
3 5 1 6 2 4 
4 3 6 5 1 2 
6 4 5 2 3 1 
5 6 2 1 4 3 
---------194----------
1 2 3 4 5 6 
2 1 4 3 6 5 
3 5 1 6 2 4 
4 6 2 5 1 3 
5 3 6 1 4 2 
6 4 5 2 3 1 
---------195----------
1 2 3 4 5 6 
2 1 4 3 6 5 
3 5 1 6 2 4 
4 6 2 5 1 3 
5 3 6 2 4 1 
6 4 5 1 3 2 
---------196----------
1 2 3 4 5 6 
2 1 4 3 6 5 
3 5 1 6 2 4 
4 6 2 5 1 3 
5 4 6 1 3 2 
6 3 5 2 4 1 
---------197----------
1 2 3 4 5 6 
2 1 4 3 6 5 
3 5 1 6 2 4 
4 6 2 5 1 3 
5 4 6 2 3 1 
6 3 5 1 4 2 
---------198----------
1 2 3 4 5 6 
2 1 4 3 6 5 
3 5 1 6 2 4 
4 6 2 5 1 3 
6 3 5 1 4 2 
5 4 6 2 3 1 
---------199----------
1 2 3 4 5 6 
2 1 4 3 6 5 
3 5 1 6 2 4 
4 6 2 5 1 3 
6 3 5 2 4 1 
5 4 6 1 3 2 
---------200----------
1 2 3 4 5 6 
2 1 4 3 6 5 
3 5 1 6 2 4 
4 6 2 5 1 3 
6 4 5 1 3 2 
5 3 6 2 4 1 
---------201----------
1 2 3 4 5 6 
2 1 4 3 6 5 
3 5 1 6 2 4 
4 6 2 5 1 3 
6 4 5 2 3 1 
5 3 6 1 4 2 
---------202----------
1 2 3 4 5 6 
2 1 4 3 6 5 
3 5 1 6 2 4 
4 6 2 5 3 1 
5 3 6 1 4 2 
6 4 5 2 1 3 
---------203----------
1 2 3 4 5 6 
2 1 4 3 6 5 
3 5 1 6 2 4 
4 6 2 5 3 1 
5 4 6 2 1 3 
6 3 5 1 4 2 
---------204----------
1 2 3 4 5 6 
2 1 4 3 6 5 
3 5 1 6 2 4 
4 6 2 5 3 1 
6 3 5 1 4 2 
5 4 6 2 1 3 
---------205----------
1 2 3 4 5 6 
2 1 4 3 6 5 
3 5 1 6 2 4 
4 6 2 5 3 1 
6 4 5 2 1 3 
5 3 6 1 4 2 
---------206----------
1 2 3 4 5 6 
2 1 4 3 6 5 
3 5 1 6 2 4 
4 6 5 1 3 2 
5 3 6 2 4 1 
6 4 2 5 1 3 
---------207----------
1 2 3 4 5 6 
2 1 4 3 6 5 
3 5 1 6 2 4 
4 6 5 1 3 2 
5 4 6 2 1 3 
6 3 2 5 4 1 
---------208----------
1 2 3 4 5 6 
2 1 4 3 6 5 
3 5 1 6 2 4 
4 6 5 1 3 2 
6 3 2 5 4 1 
5 4 6 2 1 3 
---------209----------
1 2 3 4 5 6 
2 1 4 3 6 5 
3 5 1 6 2 4 
4 6 5 1 3 2 
6 4 2 5 1 3 
5 3 6 2 4 1 
---------210----------
1 2 3 4 5 6 
2 1 4 3 6 5 
3 5 1 6 2 4 
4 6 5 2 1 3 
5 3 6 1 4 2 
6 4 2 5 3 1 
---------211----------
1 2 3 4 5 6 
2 1 4 3 6 5 
3 5 1 6 2 4 
4 6 5 2 1 3 
5 4 6 1 3 2 
6 3 2 5 4 1 
---------212----------
1 2 3 4 5 6 
2 1 4 3 6 5 
3 5 1 6 2 4 
4 6 5 2 1 3 
6 3 2 5 4 1 
5 4 6 1 3 2 
---------213----------
1 2 3 4 5 6 
2 1 4 3 6 5 
3 5 1 6 2 4 
4 6 5 2 1 3 
6 4 2 5 3 1 
5 3 6 1 4 2 
---------214----------
1 2 3 4 5 6 
2 1 4 3 6 5 
3 5 1 6 2 4 
4 6 5 2 3 1 
5 3 6 1 4 2 
6 4 2 5 1 3 
---------215----------
1 2 3 4 5 6 
2 1 4 3 6 5 
3 5 1 6 2 4 
4 6 5 2 3 1 
6 4 2 5 1 3 
5 3 6 1 4 2 
---------216----------
1 2 3 4 5 6 
2 1 4 3 6 5 
3 5 1 6 2 4 
5 3 6 1 4 2 
4 6 2 5 1 3 
6 4 5 2 3 1 
---------217----------
1 2 3 4 5 6 
2 1 4 3 6 5 
3 5 1 6 2 4 
5 3 6 1 4 2 
4 6 2 5 3 1 
6 4 5 2 1 3 
---------218----------
1 2 3 4 5 6 
2 1 4 3 6 5 
3 5 1 6 2 4 
5 3 6 1 4 2 
4 6 5 2 1 3 
6 4 2 5 3 1 
---------219----------
1 2 3 4 5 6 
2 1 4 3 6 5 
3 5 1 6 2 4 
5 3 6 1 4 2 
4 6 5 2 3 1 
6 4 2 5 1 3 
---------220----------
1 2 3 4 5 6 
2 1 4 3 6 5 
3 5 1 6 2 4 
5 3 6 1 4 2 
6 4 2 5 1 3 
4 6 5 2 3 1 
---------221----------
1 2 3 4 5 6 
2 1 4 3 6 5 
3 5 1 6 2 4 
5 3 6 1 4 2 
6 4 2 5 3 1 
4 6 5 2 1 3 
---------222----------
1 2 3 4 5 6 
2 1 4 3 6 5 
3 5 1 6 2 4 
5 3 6 1 4 2 
6 4 5 2 1 3 
4 6 2 5 3 1 
---------223----------
1 2 3 4 5 6 
2 1 4 3 6 5 
3 5 1 6 2 4 
5 3 6 1 4 2 
6 4 5 2 3 1 
4 6 2 5 1 3 
---------224----------
1 2 3 4 5 6 
2 1 4 3 6 5 
3 5 1 6 2 4 
5 3 6 2 4 1 
4 6 2 5 1 3 
6 4 5 1 3 2 
---------225----------
1 2 3 4 5 6 
2 1 4 3 6 5 
3 5 1 6 2 4 
5 3 6 2 4 1 
4 6 5 1 3 2 
6 4 2 5 1 3 
---------226----------
1 2 3 4 5 6 
2 1 4 3 6 5 
3 5 1 6 2 4 
5 3 6 2 4 1 
6 4 2 5 1 3 
4 6 5 1 3 2 
---------227----------
1 2 3 4 5 6 
2 1 4 3 6 5 
3 5 1 6 2 4 
5 3 6 2 4 1 
6 4 5 1 3 2 
4 6 2 5 1 3 
---------228----------
1 2 3 4 5 6 
2 1 4 3 6 5 
3 5 1 6 2 4 
5 4 6 1 3 2 
4 6 2 5 1 3 
6 3 5 2 4 1 
---------229----------
1 2 3 4 5 6 
2 1 4 3 6 5 
3 5 1 6 2 4 
5 4 6 1 3 2 
4 6 5 2 1 3 
6 3 2 5 4 1 
---------230----------
1 2 3 4 5 6 
2 1 4 3 6 5 
3 5 1 6 2 4 
5 4 6 1 3 2 
6 3 2 5 4 1 
4 6 5 2 1 3 
---------231----------
1 2 3 4 5 6 
2 1 4 3 6 5 
3 5 1 6 2 4 
5 4 6 1 3 2 
6 3 5 2 4 1 
4 6 2 5 1 3 
---------232----------
1 2 3 4 5 6 
2 1 4 3 6 5 
3 5 1 6 2 4 
5 4 6 2 1 3 
4 6 2 5 3 1 
6 3 5 1 4 2 
---------233----------
1 2 3 4 5 6 
2 1 4 3 6 5 
3 5 1 6 2 4 
5 4 6 2 1 3 
4 6 5 1 3 2 
6 3 2 5 4 1 
---------234----------
1 2 3 4 5 6 
2 1 4 3 6 5 
3 5 1 6 2 4 
5 4 6 2 1 3 
6 3 2 5 4 1 
4 6 5 1 3 2 
---------235----------
1 2 3 4 5 6 
2 1 4 3 6 5 
3 5 1 6 2 4 
5 4 6 2 1 3 
6 3 5 1 4 2 
4 6 2 5 3 1 
---------236----------
1 2 3 4 5 6 
2 1 4 3 6 5 
3 5 1 6 2 4 
5 4 6 2 3 1 
4 6 2 5 1 3 
6 3 5 1 4 2 
---------237----------
1 2 3 4 5 6 
2 1 4 3 6 5 
3 5 1 6 2 4 
5 4 6 2 3 1 
6 3 5 1 4 2 
4 6 2 5 1 3 
---------238----------
1 2 3 4 5 6 
2 1 4 3 6 5 
3 5 1 6 2 4 
5 6 2 1 4 3 
4 3 6 5 1 2 
6 4 5 2 3 1 
---------239----------
1 2 3 4 5 6 
2 1 4 3 6 5 
3 5 1 6 2 4 
5 6 2 1 4 3 
6 4 5 2 3 1 
4 3 6 5 1 2 
---------240----------
1 2 3 4 5 6 
2 1 4 3 6 5 
3 5 1 6 2 4 
6 3 2 5 4 1 
4 6 5 1 3 2 
5 4 6 2 1 3 
---------241----------
1 2 3 4 5 6 
2 1 4 3 6 5 
3 5 1 6 2 4 
6 3 2 5 4 1 
4 6 5 2 1 3 
5 4 6 1 3 2 
---------242----------
1 2 3 4 5 6 
2 1 4 3 6 5 
3 5 1 6 2 4 
6 3 2 5 4 1 
5 4 6 1 3 2 
4 6 5 2 1 3 
---------243----------
1 2 3 4 5 6 
2 1 4 3 6 5 
3 5 1 6 2 4 
6 3 2 5 4 1 
5 4 6 2 1 3 
4 6 5 1 3 2 
---------244----------
1 2 3 4 5 6 
2 1 4 3 6 5 
3 5 1 6 2 4 
6 3 5 1 4 2 
4 6 2 5 1 3 
5 4 6 2 3 1 
---------245----------
1 2 3 4 5 6 
2 1 4 3 6 5 
3 5 1 6 2 4 
6 3 5 1 4 2 
4 6 2 5 3 1 
5 4 6 2 1 3 
---------246----------
1 2 3 4 5 6 
2 1 4 3 6 5 
3 5 1 6 2 4 
6 3 5 1 4 2 
5 4 6 2 1 3 
4 6 2 5 3 1 
---------247----------
1 2 3 4 5 6 
2 1 4 3 6 5 
3 5 1 6 2 4 
6 3 5 1 4 2 
5 4 6 2 3 1 
4 6 2 5 1 3 
---------248----------
1 2 3 4 5 6 
2 1 4 3 6 5 
3 5 1 6 2 4 
6 3 5 2 4 1 
4 6 2 5 1 3 
5 4 6 1 3 2 
---------249----------
1 2 3 4 5 6 
2 1 4 3 6 5 
3 5 1 6 2 4 
6 3 5 2 4 1 
5 4 6 1 3 2 
4 6 2 5 1 3 
---------250----------
1 2 3 4 5 6 
2 1 4 3 6 5 
3 5 1 6 2 4 
6 4 2 5 1 3 
4 6 5 1 3 2 
5 3 6 2 4 1 
---------251----------
1 2 3 4 5 6 
2 1 4 3 6 5 
3 5 1 6 2 4 
6 4 2 5 1 3 
4 6 5 2 3 1 
5 3 6 1 4 2 
---------252----------
1 2 3 4 5 6 
2 1 4 3 6 5 
3 5 1 6 2 4 
6 4 2 5 1 3 
5 3 6 1 4 2 
4 6 5 2 3 1 
---------253----------
1 2 3 4 5 6 
2 1 4 3 6 5 
3 5 1 6 2 4 
6 4 2 5 1 3 
5 3 6 2 4 1 
4 6 5 1 3 2 
---------254----------
1 2 3 4 5 6 
2 1 4 3 6 5 
3 5 1 6 2 4 
6 4 2 5 3 1 
4 6 5 2 1 3 
5 3 6 1 4 2 
---------255----------
1 2 3 4 5 6 
2 1 4 3 6 5 
3 5 1 6 2 4 
6 4 2 5 3 1 
5 3 6 1 4 2 
4 6 5 2 1 3 
---------256----------
1 2 3 4 5 6 
2 1 4 3 6 5 
3 5 1 6 2 4 
6 4 5 1 3 2 
4 6 2 5 1 3 
5 3 6 2 4 1 
---------257----------
1 2 3 4 5 6 
2 1 4 3 6 5 
3 5 1 6 2 4 
6 4 5 1 3 2 
5 3 6 2 4 1 
4 6 2 5 1 3 
---------258----------
1 2 3 4 5 6 
2 1 4 3 6 5 
3 5 1 6 2 4 
6 4 5 2 1 3 
4 6 2 5 3 1 
5 3 6 1 4 2 
---------259----------
1 2 3 4 5 6 
2 1 4 3 6 5 
3 5 1 6 2 4 
6 4 5 2 1 3 
5 3 6 1 4 2 
4 6 2 5 3 1 
---------260----------
1 2 3 4 5 6 
2 1 4 3 6 5 
3 5 1 6 2 4 
6 4 5 2 3 1 
4 3 6 5 1 2 
5 6 2 1 4 3 
---------261----------
1 2 3 4 5 6 
2 1 4 3 6 5 
3 5 1 6 2 4 
6 4 5 2 3 1 
4 6 2 5 1 3 
5 3 6 1 4 2 
---------262----------
1 2 3 4 5 6 
2 1 4 3 6 5 
3 5 1 6 2 4 
6 4 5 2 3 1 
5 3 6 1 4 2 
4 6 2 5 1 3 
---------263----------
1 2 3 4 5 6 
2 1 4 3 6 5 
3 5 1 6 2 4 
6 4 5 2 3 1 
5 6 2 1 4 3 
4 3 6 5 1 2 
---------264----------
1 2 3 4 5 6 
2 1 4 3 6 5 
3 5 1 6 4 2 
4 3 6 5 2 1 
5 6 2 1 3 4 
6 4 5 2 1 3 
---------265----------
1 2 3 4 5 6 
2 1 4 3 6 5 
3 5 1 6 4 2 
4 3 6 5 2 1 
6 4 5 2 1 3 
5 6 2 1 3 4 
---------266----------
1 2 3 4 5 6 
2 1 4 3 6 5 
3 5 1 6 4 2 
4 6 2 5 1 3 
5 3 6 1 2 4 
6 4 5 2 3 1 
---------267----------
1 2 3 4 5 6 
2 1 4 3 6 5 
3 5 1 6 4 2 
4 6 2 5 1 3 
5 4 6 2 3 1 
6 3 5 1 2 4 
---------268----------
1 2 3 4 5 6 
2 1 4 3 6 5 
3 5 1 6 4 2 
4 6 2 5 1 3 
6 3 5 1 2 4 
5 4 6 2 3 1 
---------269----------
1 2 3 4 5 6 
2 1 4 3 6 5 
3 5 1 6 4 2 
4 6 2 5 1 3 
6 4 5 2 3 1 
5 3 6 1 2 4 
---------270----------
1 2 3 4 5 6 
2 1 4 3 6 5 
3 5 1 6 4 2 
4 6 2 5 3 1 
5 3 6 1 2 4 
6 4 5 2 1 3 
---------271----------
1 2 3 4 5 6 
2 1 4 3 6 5 
3 5 1 6 4 2 
4 6 2 5 3 1 
5 3 6 2 1 4 
6 4 5 1 2 3 
---------272----------
1 2 3 4 5 6 
2 1 4 3 6 5 
3 5 1 6 4 2 
4 6 2 5 3 1 
5 4 6 1 2 3 
6 3 5 2 1 4 
---------273----------
1 2 3 4 5 6 
2 1 4 3 6 5 
3 5 1 6 4 2 
4 6 2 5 3 1 
5 4 6 2 1 3 
6 3 5 1 2 4 
---------274----------
1 2 3 4 5 6 
2 1 4 3 6 5 
3 5 1 6 4 2 
4 6 2 5 3 1 
6 3 5 1 2 4 
5 4 6 2 1 3 
---------275----------
1 2 3 4 5 6 
2 1 4 3 6 5 
3 5 1 6 4 2 
4 6 2 5 3 1 
6 3 5 2 1 4 
5 4 6 1 2 3 
---------276----------
1 2 3 4 5 6 
2 1 4 3 6 5 
3 5 1 6 4 2 
4 6 2 5 3 1 
6 4 5 1 2 3 
5 3 6 2 1 4 
---------277----------
1 2 3 4 5 6 
2 1 4 3 6 5 
3 5 1 6 4 2 
4 6 2 5 3 1 
6 4 5 2 1 3 
5 3 6 1 2 4 
---------278----------
1 2 3 4 5 6 
2 1 4 3 6 5 
3 5 1 6 4 2 
4 6 5 1 2 3 
5 3 6 2 1 4 
6 4 2 5 3 1 
---------279----------
1 2 3 4 5 6 
2 1 4 3 6 5 
3 5 1 6 4 2 
4 6 5 1 2 3 
5 4 6 2 3 1 
6 3 2 5 1 4 
---------280----------
1 2 3 4 5 6 
2 1 4 3 6 5 
3 5 1 6 4 2 
4 6 5 1 2 3 
6 3 2 5 1 4 
5 4 6 2 3 1 
---------281----------
1 2 3 4 5 6 
2 1 4 3 6 5 
3 5 1 6 4 2 
4 6 5 1 2 3 
6 4 2 5 3 1 
5 3 6 2 1 4 
---------282----------
1 2 3 4 5 6 
2 1 4 3 6 5 
3 5 1 6 4 2 
4 6 5 2 1 3 
5 3 6 1 2 4 
6 4 2 5 3 1 
---------283----------
1 2 3 4 5 6 
2 1 4 3 6 5 
3 5 1 6 4 2 
4 6 5 2 1 3 
6 4 2 5 3 1 
5 3 6 1 2 4 
---------284----------
1 2 3 4 5 6 
2 1 4 3 6 5 
3 5 1 6 4 2 
4 6 5 2 3 1 
5 3 6 1 2 4 
6 4 2 5 1 3 
---------285----------
1 2 3 4 5 6 
2 1 4 3 6 5 
3 5 1 6 4 2 
4 6 5 2 3 1 
5 4 6 1 2 3 
6 3 2 5 1 4 
---------286----------
1 2 3 4 5 6 
2 1 4 3 6 5 
3 5 1 6 4 2 
4 6 5 2 3 1 
6 3 2 5 1 4 
5 4 6 1 2 3 
---------287----------
1 2 3 4 5 6 
2 1 4 3 6 5 
3 5 1 6 4 2 
4 6 5 2 3 1 
6 4 2 5 1 3 
5 3 6 1 2 4 
---------288----------
1 2 3 4 5 6 
2 1 4 3 6 5 
3 5 1 6 4 2 
5 3 6 1 2 4 
4 6 2 5 1 3 
6 4 5 2 3 1 
---------289----------
1 2 3 4 5 6 
2 1 4 3 6 5 
3 5 1 6 4 2 
5 3 6 1 2 4 
4 6 2 5 3 1 
6 4 5 2 1 3 
---------290----------
1 2 3 4 5 6 
2 1 4 3 6 5 
3 5 1 6 4 2 
5 3 6 1 2 4 
4 6 5 2 1 3 
6 4 2 5 3 1 
---------291----------
1 2 3 4 5 6 
2 1 4 3 6 5 
3 5 1 6 4 2 
5 3 6 1 2 4 
4 6 5 2 3 1 
6 4 2 5 1 3 
---------292----------
1 2 3 4 5 6 
2 1 4 3 6 5 
3 5 1 6 4 2 
5 3 6 1 2 4 
6 4 2 5 1 3 
4 6 5 2 3 1 
---------293----------
1 2 3 4 5 6 
2 1 4 3 6 5 
3 5 1 6 4 2 
5 3 6 1 2 4 
6 4 2 5 3 1 
4 6 5 2 1 3 
---------294----------
1 2 3 4 5 6 
2 1 4 3 6 5 
3 5 1 6 4 2 
5 3 6 1 2 4 
6 4 5 2 1 3 
4 6 2 5 3 1 
---------295----------
1 2 3 4 5 6 
2 1 4 3 6 5 
3 5 1 6 4 2 
5 3 6 1 2 4 
6 4 5 2 3 1 
4 6 2 5 1 3 
---------296----------
1 2 3 4 5 6 
2 1 4 3 6 5 
3 5 1 6 4 2 
5 3 6 2 1 4 
4 6 2 5 3 1 
6 4 5 1 2 3 
---------297----------
1 2 3 4 5 6 
2 1 4 3 6 5 
3 5 1 6 4 2 
5 3 6 2 1 4 
4 6 5 1 2 3 
6 4 2 5 3 1 
---------298----------
1 2 3 4 5 6 
2 1 4 3 6 5 
3 5 1 6 4 2 
5 3 6 2 1 4 
6 4 2 5 3 1 
4 6 5 1 2 3 
---------299----------
1 2 3 4 5 6 
2 1 4 3 6 5 
3 5 1 6 4 2 
5 3 6 2 1 4 
6 4 5 1 2 3 
4 6 2 5 3 1 
---------300----------
1 2 3 4 5 6 
2 1 4 3 6 5 
3 5 1 6 4 2 
5 4 6 1 2 3 
4 6 2 5 3 1 
6 3 5 2 1 4 
---------301----------
1 2 3 4 5 6 
2 1 4 3 6 5 
3 5 1 6 4 2 
5 4 6 1 2 3 
4 6 5 2 3 1 
6 3 2 5 1 4 
---------302----------
1 2 3 4 5 6 
2 1 4 3 6 5 
3 5 1 6 4 2 
5 4 6 1 2 3 
6 3 2 5 1 4 
4 6 5 2 3 1 
---------303----------
1 2 3 4 5 6 
2 1 4 3 6 5 
3 5 1 6 4 2 
5 4 6 1 2 3 
6 3 5 2 1 4 
4 6 2 5 3 1 
---------304----------
1 2 3 4 5 6 
2 1 4 3 6 5 
3 5 1 6 4 2 
5 4 6 2 1 3 
4 6 2 5 3 1 
6 3 5 1 2 4 
---------305----------
1 2 3 4 5 6 
2 1 4 3 6 5 
3 5 1 6 4 2 
5 4 6 2 1 3 
6 3 5 1 2 4 
4 6 2 5 3 1 
---------306----------
1 2 3 4 5 6 
2 1 4 3 6 5 
3 5 1 6 4 2 
5 4 6 2 3 1 
4 6 2 5 1 3 
6 3 5 1 2 4 
---------307----------
1 2 3 4 5 6 
2 1 4 3 6 5 
3 5 1 6 4 2 
5 4 6 2 3 1 
4 6 5 1 2 3 
6 3 2 5 1 4 
---------308----------
1 2 3 4 5 6 
2 1 4 3 6 5 
3 5 1 6 4 2 
5 4 6 2 3 1 
6 3 2 5 1 4 
4 6 5 1 2 3 
---------309----------
1 2 3 4 5 6 
2 1 4 3 6 5 
3 5 1 6 4 2 
5 4 6 2 3 1 
6 3 5 1 2 4 
4 6 2 5 1 3 
---------310----------
1 2 3 4 5 6 
2 1 4 3 6 5 
3 5 1 6 4 2 
5 6 2 1 3 4 
4 3 6 5 2 1 
6 4 5 2 1 3 
---------311----------
1 2 3 4 5 6 
2 1 4 3 6 5 
3 5 1 6 4 2 
5 6 2 1 3 4 
6 4 5 2 1 3 
4 3 6 5 2 1 
---------312----------
1 2 3 4 5 6 
2 1 4 3 6 5 
3 5 1 6 4 2 
6 3 2 5 1 4 
4 6 5 1 2 3 
5 4 6 2 3 1 
---------313----------
1 2 3 4 5 6 
2 1 4 3 6 5 
3 5 1 6 4 2 
6 3 2 5 1 4 
4 6 5 2 3 1 
5 4 6 1 2 3 
---------314----------
1 2 3 4 5 6 
2 1 4 3 6 5 
3 5 1 6 4 2 
6 3 2 5 1 4 
5 4 6 1 2 3 
4 6 5 2 3 1 
---------315----------
1 2 3 4 5 6 
2 1 4 3 6 5 
3 5 1 6 4 2 
6 3 2 5 1 4 
5 4 6 2 3 1 
4 6 5 1 2 3 
---------316----------
1 2 3 4 5 6 
2 1 4 3 6 5 
3 5 1 6 4 2 
6 3 5 1 2 4 
4 6 2 5 1 3 
5 4 6 2 3 1 
---------317----------
1 2 3 4 5 6 
2 1 4 3 6 5 
3 5 1 6 4 2 
6 3 5 1 2 4 
4 6 2 5 3 1 
5 4 6 2 1 3 
---------318----------
1 2 3 4 5 6 
2 1 4 3 6 5 
3 5 1 6 4 2 
6 3 5 1 2 4 
5 4 6 2 1 3 
4 6 2 5 3 1 
---------319----------
1 2 3 4 5 6 
2 1 4 3 6 5 
3 5 1 6 4 2 
6 3 5 1 2 4 
5 4 6 2 3 1 
4 6 2 5 1 3 
---------320----------
1 2 3 4 5 6 
2 1 4 3 6 5 
3 5 1 6 4 2 
6 3 5 2 1 4 
4 6 2 5 3 1 
5 4 6 1 2 3 
---------321----------
1 2 3 4 5 6 
2 1 4 3 6 5 
3 5 1 6 4 2 
6 3 5 2 1 4 
5 4 6 1 2 3 
4 6 2 5 3 1 
---------322----------
1 2 3 4 5 6 
2 1 4 3 6 5 
3 5 1 6 4 2 
6 4 2 5 1 3 
4 6 5 2 3 1 
5 3 6 1 2 4 
---------323----------
1 2 3 4 5 6 
2 1 4 3 6 5 
3 5 1 6 4 2 
6 4 2 5 1 3 
5 3 6 1 2 4 
4 6 5 2 3 1 
---------324----------
1 2 3 4 5 6 
2 1 4 3 6 5 
3 5 1 6 4 2 
6 4 2 5 3 1 
4 6 5 1 2 3 
5 3 6 2 1 4 
---------325----------
1 2 3 4 5 6 
2 1 4 3 6 5 
3 5 1 6 4 2 
6 4 2 5 3 1 
4 6 5 2 1 3 
5 3 6 1 2 4 
---------326----------
1 2 3 4 5 6 
2 1 4 3 6 5 
3 5 1 6 4 2 
6 4 2 5 3 1 
5 3 6 1 2 4 
4 6 5 2 1 3 
---------327----------
1 2 3 4 5 6 
2 1 4 3 6 5 
3 5 1 6 4 2 
6 4 2 5 3 1 
5 3 6 2 1 4 
4 6 5 1 2 3 
---------328----------
1 2 3 4 5 6 
2 1 4 3 6 5 
3 5 1 6 4 2 
6 4 5 1 2 3 
4 6 2 5 3 1 
5 3 6 2 1 4 
---------329----------
1 2 3 4 5 6 
2 1 4 3 6 5 
3 5 1 6 4 2 
6 4 5 1 2 3 
5 3 6 2 1 4 
4 6 2 5 3 1 
---------330----------
1 2 3 4 5 6 
2 1 4 3 6 5 
3 5 1 6 4 2 
6 4 5 2 1 3 
4 3 6 5 2 1 
5 6 2 1 3 4 
---------331----------
1 2 3 4 5 6 
2 1 4 3 6 5 
3 5 1 6 4 2 
6 4 5 2 1 3 
4 6 2 5 3 1 
5 3 6 1 2 4 
---------332----------
1 2 3 4 5 6 
2 1 4 3 6 5 
3 5 1 6 4 2 
6 4 5 2 1 3 
5 3 6 1 2 4 
4 6 2 5 3 1 
---------333----------
1 2 3 4 5 6 
2 1 4 3 6 5 
3 5 1 6 4 2 
6 4 5 2 1 3 
5 6 2 1 3 4 
4 3 6 5 2 1 
---------334----------
1 2 3 4 5 6 
2 1 4 3 6 5 
3 5 1 6 4 2 
6 4 5 2 3 1 
4 6 2 5 1 3 
5 3 6 1 2 4 
---------335----------
1 2 3 4 5 6 
2 1 4 3 6 5 
3 5 1 6 4 2 
6 4 5 2 3 1 
5 3 6 1 2 4 
4 6 2 5 1 3 
---------336----------
1 2 3 4 5 6 
2 1 4 3 6 5 
3 5 2 6 1 4 
4 3 6 5 2 1 
5 6 1 2 4 3 
6 4 5 1 3 2 
---------337----------
1 2 3 4 5 6 
2 1 4 3 6 5 
3 5 2 6 1 4 
4 3 6 5 2 1 
6 4 5 1 3 2 
5 6 1 2 4 3 
---------338----------
1 2 3 4 5 6 
2 1 4 3 6 5 
3 5 2 6 1 4 
4 6 1 5 2 3 
5 3 6 1 4 2 
6 4 5 2 3 1 
---------339----------
1 2 3 4 5 6 
2 1 4 3 6 5 
3 5 2 6 1 4 
4 6 1 5 2 3 
5 3 6 2 4 1 
6 4 5 1 3 2 
---------340----------
1 2 3 4 5 6 
2 1 4 3 6 5 
3 5 2 6 1 4 
4 6 1 5 2 3 
5 4 6 1 3 2 
6 3 5 2 4 1 
---------341----------
1 2 3 4 5 6 
2 1 4 3 6 5 
3 5 2 6 1 4 
4 6 1 5 2 3 
5 4 6 2 3 1 
6 3 5 1 4 2 
---------342----------
1 2 3 4 5 6 
2 1 4 3 6 5 
3 5 2 6 1 4 
4 6 1 5 2 3 
6 3 5 1 4 2 
5 4 6 2 3 1 
---------343----------
1 2 3 4 5 6 
2 1 4 3 6 5 
3 5 2 6 1 4 
4 6 1 5 2 3 
6 3 5 2 4 1 
5 4 6 1 3 2 
---------344----------
1 2 3 4 5 6 
2 1 4 3 6 5 
3 5 2 6 1 4 
4 6 1 5 2 3 
6 4 5 1 3 2 
5 3 6 2 4 1 
---------345----------
1 2 3 4 5 6 
2 1 4 3 6 5 
3 5 2 6 1 4 
4 6 1 5 2 3 
6 4 5 2 3 1 
5 3 6 1 4 2 
---------346----------
1 2 3 4 5 6 
2 1 4 3 6 5 
3 5 2 6 1 4 
4 6 1 5 3 2 
5 3 6 2 4 1 
6 4 5 1 2 3 
---------347----------
1 2 3 4 5 6 
2 1 4 3 6 5 
3 5 2 6 1 4 
4 6 1 5 3 2 
5 4 6 1 2 3 
6 3 5 2 4 1 
---------348----------
1 2 3 4 5 6 
2 1 4 3 6 5 
3 5 2 6 1 4 
4 6 1 5 3 2 
6 3 5 2 4 1 
5 4 6 1 2 3 
---------349----------
1 2 3 4 5 6 
2 1 4 3 6 5 
3 5 2 6 1 4 
4 6 1 5 3 2 
6 4 5 1 2 3 
5 3 6 2 4 1 
---------350----------
1 2 3 4 5 6 
2 1 4 3 6 5 
3 5 2 6 1 4 
4 6 5 1 2 3 
5 3 6 2 4 1 
6 4 1 5 3 2 
---------351----------
1 2 3 4 5 6 
2 1 4 3 6 5 
3 5 2 6 1 4 
4 6 5 1 2 3 
5 4 6 2 3 1 
6 3 1 5 4 2 
---------352----------
1 2 3 4 5 6 
2 1 4 3 6 5 
3 5 2 6 1 4 
4 6 5 1 2 3 
6 3 1 5 4 2 
5 4 6 2 3 1 
---------353----------
1 2 3 4 5 6 
2 1 4 3 6 5 
3 5 2 6 1 4 
4 6 5 1 2 3 
6 4 1 5 3 2 
5 3 6 2 4 1 
---------354----------
1 2 3 4 5 6 
2 1 4 3 6 5 
3 5 2 6 1 4 
4 6 5 1 3 2 
5 3 6 2 4 1 
6 4 1 5 2 3 
---------355----------
1 2 3 4 5 6 
2 1 4 3 6 5 
3 5 2 6 1 4 
4 6 5 1 3 2 
6 4 1 5 2 3 
5 3 6 2 4 1 
---------356----------
1 2 3 4 5 6 
2 1 4 3 6 5 
3 5 2 6 1 4 
4 6 5 2 3 1 
5 3 6 1 4 2 
6 4 1 5 2 3 
---------357----------
1 2 3 4 5 6 
2 1 4 3 6 5 
3 5 2 6 1 4 
4 6 5 2 3 1 
5 4 6 1 2 3 
6 3 1 5 4 2 
---------358----------
1 2 3 4 5 6 
2 1 4 3 6 5 
3 5 2 6 1 4 
4 6 5 2 3 1 
6 3 1 5 4 2 
5 4 6 1 2 3 
---------359----------
1 2 3 4 5 6 
2 1 4 3 6 5 
3 5 2 6 1 4 
4 6 5 2 3 1 
6 4 1 5 2 3 
5 3 6 1 4 2 
---------360----------
1 2 3 4 5 6 
2 1 4 3 6 5 
3 5 2 6 1 4 
5 3 6 1 4 2 
4 6 1 5 2 3 
6 4 5 2 3 1 
---------361----------
1 2 3 4 5 6 
2 1 4 3 6 5 
3 5 2 6 1 4 
5 3 6 1 4 2 
4 6 5 2 3 1 
6 4 1 5 2 3 
---------362----------
1 2 3 4 5 6 
2 1 4 3 6 5 
3 5 2 6 1 4 
5 3 6 1 4 2 
6 4 1 5 2 3 
4 6 5 2 3 1 
---------363----------
1 2 3 4 5 6 
2 1 4 3 6 5 
3 5 2 6 1 4 
5 3 6 1 4 2 
6 4 5 2 3 1 
4 6 1 5 2 3 
---------364----------
1 2 3 4 5 6 
2 1 4 3 6 5 
3 5 2 6 1 4 
5 3 6 2 4 1 
4 6 1 5 2 3 
6 4 5 1 3 2 
---------365----------
1 2 3 4 5 6 
2 1 4 3 6 5 
3 5 2 6 1 4 
5 3 6 2 4 1 
4 6 1 5 3 2 
6 4 5 1 2 3 
---------366----------
1 2 3 4 5 6 
2 1 4 3 6 5 
3 5 2 6 1 4 
5 3 6 2 4 1 
4 6 5 1 2 3 
6 4 1 5 3 2 
---------367----------
1 2 3 4 5 6 
2 1 4 3 6 5 
3 5 2 6 1 4 
5 3 6 2 4 1 
4 6 5 1 3 2 
6 4 1 5 2 3 
---------368----------
1 2 3 4 5 6 
2 1 4 3 6 5 
3 5 2 6 1 4 
5 3 6 2 4 1 
6 4 1 5 2 3 
4 6 5 1 3 2 
---------369----------
1 2 3 4 5 6 
2 1 4 3 6 5 
3 5 2 6 1 4 
5 3 6 2 4 1 
6 4 1 5 3 2 
4 6 5 1 2 3 
---------370----------
1 2 3 4 5 6 
2 1 4 3 6 5 
3 5 2 6 1 4 
5 3 6 2 4 1 
6 4 5 1 2 3 
4 6 1 5 3 2 
---------371----------
1 2 3 4 5 6 
2 1 4 3 6 5 
3 5 2 6 1 4 
5 3 6 2 4 1 
6 4 5 1 3 2 
4 6 1 5 2 3 
---------372----------
1 2 3 4 5 6 
2 1 4 3 6 5 
3 5 2 6 1 4 
5 4 6 1 2 3 
4 6 1 5 3 2 
6 3 5 2 4 1 
---------373----------
1 2 3 4 5 6 
2 1 4 3 6 5 
3 5 2 6 1 4 
5 4 6 1 2 3 
4 6 5 2 3 1 
6 3 1 5 4 2 
---------374----------
1 2 3 4 5 6 
2 1 4 3 6 5 
3 5 2 6 1 4 
5 4 6 1 2 3 
6 3 1 5 4 2 
4 6 5 2 3 1 
---------375----------
1 2 3 4 5 6 
2 1 4 3 6 5 
3 5 2 6 1 4 
5 4 6 1 2 3 
6 3 5 2 4 1 
4 6 1 5 3 2 
---------376----------
1 2 3 4 5 6 
2 1 4 3 6 5 
3 5 2 6 1 4 
5 4 6 1 3 2 
4 6 1 5 2 3 
6 3 5 2 4 1 
---------377----------
1 2 3 4 5 6 
2 1 4 3 6 5 
3 5 2 6 1 4 
5 4 6 1 3 2 
6 3 5 2 4 1 
4 6 1 5 2 3 
---------378----------
1 2 3 4 5 6 
2 1 4 3 6 5 
3 5 2 6 1 4 
5 4 6 2 3 1 
4 6 1 5 2 3 
6 3 5 1 4 2 
---------379----------
1 2 3 4 5 6 
2 1 4 3 6 5 
3 5 2 6 1 4 
5 4 6 2 3 1 
4 6 5 1 2 3 
6 3 1 5 4 2 
---------380----------
1 2 3 4 5 6 
2 1 4 3 6 5 
3 5 2 6 1 4 
5 4 6 2 3 1 
6 3 1 5 4 2 
4 6 5 1 2 3 
---------381----------
1 2 3 4 5 6 
2 1 4 3 6 5 
3 5 2 6 1 4 
5 4 6 2 3 1 
6 3 5 1 4 2 
4 6 1 5 2 3 
---------382----------
1 2 3 4 5 6 
2 1 4 3 6 5 
3 5 2 6 1 4 
5 6 1 2 4 3 
4 3 6 5 2 1 
6 4 5 1 3 2 
---------383----------
1 2 3 4 5 6 
2 1 4 3 6 5 
3 5 2 6 1 4 
5 6 1 2 4 3 
6 4 5 1 3 2 
4 3 6 5 2 1 
---------384----------
1 2 3 4 5 6 
2 1 4 3 6 5 
3 5 2 6 1 4 
6 3 1 5 4 2 
4 6 5 1 2 3 
5 4 6 2 3 1 
---------385----------
1 2 3 4 5 6 
2 1 4 3 6 5 
3 5 2 6 1 4 
6 3 1 5 4 2 
4 6 5 2 3 1 
5 4 6 1 2 3 
---------386----------
1 2 3 4 5 6 
2 1 4 3 6 5 
3 5 2 6 1 4 
6 3 1 5 4 2 
5 4 6 1 2 3 
4 6 5 2 3 1 
---------387----------
1 2 3 4 5 6 
2 1 4 3 6 5 
3 5 2 6 1 4 
6 3 1 5 4 2 
5 4 6 2 3 1 
4 6 5 1 2 3 
---------388----------
1 2 3 4 5 6 
2 1 4 3 6 5 
3 5 2 6 1 4 
6 3 5 1 4 2 
4 6 1 5 2 3 
5 4 6 2 3 1 
---------389----------
1 2 3 4 5 6 
2 1 4 3 6 5 
3 5 2 6 1 4 
6 3 5 1 4 2 
5 4 6 2 3 1 
4 6 1 5 2 3 
---------390----------
1 2 3 4 5 6 
2 1 4 3 6 5 
3 5 2 6 1 4 
6 3 5 2 4 1 
4 6 1 5 2 3 
5 4 6 1 3 2 
---------391----------
1 2 3 4 5 6 
2 1 4 3 6 5 
3 5 2 6 1 4 
6 3 5 2 4 1 
4 6 1 5 3 2 
5 4 6 1 2 3 
---------392----------
1 2 3 4 5 6 
2 1 4 3 6 5 
3 5 2 6 1 4 
6 3 5 2 4 1 
5 4 6 1 2 3 
4 6 1 5 3 2 
---------393----------
1 2 3 4 5 6 
2 1 4 3 6 5 
3 5 2 6 1 4 
6 3 5 2 4 1 
5 4 6 1 3 2 
4 6 1 5 2 3 
---------394----------
1 2 3 4 5 6 
2 1 4 3 6 5 
3 5 2 6 1 4 
6 4 1 5 2 3 
4 6 5 1 3 2 
5 3 6 2 4 1 
---------395----------
1 2 3 4 5 6 
2 1 4 3 6 5 
3 5 2 6 1 4 
6 4 1 5 2 3 
4 6 5 2 3 1 
5 3 6 1 4 2 
---------396----------
1 2 3 4 5 6 
2 1 4 3 6 5 
3 5 2 6 1 4 
6 4 1 5 2 3 
5 3 6 1 4 2 
4 6 5 2 3 1 
---------397----------
1 2 3 4 5 6 
2 1 4 3 6 5 
3 5 2 6 1 4 
6 4 1 5 2 3 
5 3 6 2 4 1 
4 6 5 1 3 2 
---------398----------
1 2 3 4 5 6 
2 1 4 3 6 5 
3 5 2 6 1 4 
6 4 1 5 3 2 
4 6 5 1 2 3 
5 3 6 2 4 1 
---------399----------
1 2 3 4 5 6 
2 1 4 3 6 5 
3 5 2 6 1 4 
6 4 1 5 3 2 
5 3 6 2 4 1 
4 6 5 1 2 3 
---------400----------
1 2 3 4 5 6 
2 1 4 3 6 5 
3 5 2 6 1 4 
6 4 5 1 2 3 
4 6 1 5 3 2 
5 3 6 2 4 1 
---------401----------
1 2 3 4 5 6 
2 1 4 3 6 5 
3 5 2 6 1 4 
6 4 5 1 2 3 
5 3 6 2 4 1 
4 6 1 5 3 2 
---------402----------
1 2 3 4 5 6 
2 1 4 3 6 5 
3 5 2 6 1 4 
6 4 5 1 3 2 
4 3 6 5 2 1 
5 6 1 2 4 3 
---------403----------
1 2 3 4 5 6 
2 1 4 3 6 5 
3 5 2 6 1 4 
6 4 5 1 3 2 
4 6 1 5 2 3 
5 3 6 2 4 1 
---------404----------
1 2 3 4 5 6 
2 1 4 3 6 5 
3 5 2 6 1 4 
6 4 5 1 3 2 
5 3 6 2 4 1 
4 6 1 5 2 3 
---------405----------
1 2 3 4 5 6 
2 1 4 3 6 5 
3 5 2 6 1 4 
6 4 5 1 3 2 
5 6 1 2 4 3 
4 3 6 5 2 1 
---------406----------
1 2 3 4 5 6 
2 1 4 3 6 5 
3 5 2 6 1 4 
6 4 5 2 3 1 
4 6 1 5 2 3 
5 3 6 1 4 2 
---------407----------
1 2 3 4 5 6 
2 1 4 3 6 5 
3 5 2 6 1 4 
6 4 5 2 3 1 
5 3 6 1 4 2 
4 6 1 5 2 3 
---------408----------
1 2 3 4 5 6 
2 1 4 3 6 5 
3 5 2 6 4 1 
4 3 6 5 1 2 
5 6 1 2 3 4 
6 4 5 1 2 3 
---------409----------
1 2 3 4 5 6 
2 1 4 3 6 5 
3 5 2 6 4 1 
4 3 6 5 1 2 
6 4 5 1 2 3 
5 6 1 2 3 4 
---------410----------
1 2 3 4 5 6 
2 1 4 3 6 5 
3 5 2 6 4 1 
4 6 1 5 2 3 
5 3 6 2 1 4 
6 4 5 1 3 2 
---------411----------
1 2 3 4 5 6 
2 1 4 3 6 5 
3 5 2 6 4 1 
4 6 1 5 2 3 
5 4 6 1 3 2 
6 3 5 2 1 4 
---------412----------
1 2 3 4 5 6 
2 1 4 3 6 5 
3 5 2 6 4 1 
4 6 1 5 2 3 
6 3 5 2 1 4 
5 4 6 1 3 2 
---------413----------
1 2 3 4 5 6 
2 1 4 3 6 5 
3 5 2 6 4 1 
4 6 1 5 2 3 
6 4 5 1 3 2 
5 3 6 2 1 4 
---------414----------
1 2 3 4 5 6 
2 1 4 3 6 5 
3 5 2 6 4 1 
4 6 1 5 3 2 
5 3 6 1 2 4 
6 4 5 2 1 3 
---------415----------
1 2 3 4 5 6 
2 1 4 3 6 5 
3 5 2 6 4 1 
4 6 1 5 3 2 
5 3 6 2 1 4 
6 4 5 1 2 3 
---------416----------
1 2 3 4 5 6 
2 1 4 3 6 5 
3 5 2 6 4 1 
4 6 1 5 3 2 
5 4 6 1 2 3 
6 3 5 2 1 4 
---------417----------
1 2 3 4 5 6 
2 1 4 3 6 5 
3 5 2 6 4 1 
4 6 1 5 3 2 
5 4 6 2 1 3 
6 3 5 1 2 4 
---------418----------
1 2 3 4 5 6 
2 1 4 3 6 5 
3 5 2 6 4 1 
4 6 1 5 3 2 
6 3 5 1 2 4 
5 4 6 2 1 3 
---------419----------
1 2 3 4 5 6 
2 1 4 3 6 5 
3 5 2 6 4 1 
4 6 1 5 3 2 
6 3 5 2 1 4 
5 4 6 1 2 3 
---------420----------
1 2 3 4 5 6 
2 1 4 3 6 5 
3 5 2 6 4 1 
4 6 1 5 3 2 
6 4 5 1 2 3 
5 3 6 2 1 4 
---------421----------
1 2 3 4 5 6 
2 1 4 3 6 5 
3 5 2 6 4 1 
4 6 1 5 3 2 
6 4 5 2 1 3 
5 3 6 1 2 4 
---------422----------
1 2 3 4 5 6 
2 1 4 3 6 5 
3 5 2 6 4 1 
4 6 5 1 2 3 
5 3 6 2 1 4 
6 4 1 5 3 2 
---------423----------
1 2 3 4 5 6 
2 1 4 3 6 5 
3 5 2 6 4 1 
4 6 5 1 2 3 
6 4 1 5 3 2 
5 3 6 2 1 4 
---------424----------
1 2 3 4 5 6 
2 1 4 3 6 5 
3 5 2 6 4 1 
4 6 5 1 3 2 
5 3 6 2 1 4 
6 4 1 5 2 3 
---------425----------
1 2 3 4 5 6 
2 1 4 3 6 5 
3 5 2 6 4 1 
4 6 5 1 3 2 
5 4 6 2 1 3 
6 3 1 5 2 4 
---------426----------
1 2 3 4 5 6 
2 1 4 3 6 5 
3 5 2 6 4 1 
4 6 5 1 3 2 
6 3 1 5 2 4 
5 4 6 2 1 3 
---------427----------
1 2 3 4 5 6 
2 1 4 3 6 5 
3 5 2 6 4 1 
4 6 5 1 3 2 
6 4 1 5 2 3 
5 3 6 2 1 4 
---------428----------
1 2 3 4 5 6 
2 1 4 3 6 5 
3 5 2 6 4 1 
4 6 5 2 1 3 
5 3 6 1 2 4 
6 4 1 5 3 2 
---------429----------
1 2 3 4 5 6 
2 1 4 3 6 5 
3 5 2 6 4 1 
4 6 5 2 1 3 
5 4 6 1 3 2 
6 3 1 5 2 4 
---------430----------
1 2 3 4 5 6 
2 1 4 3 6 5 
3 5 2 6 4 1 
4 6 5 2 1 3 
6 3 1 5 2 4 
5 4 6 1 3 2 
---------431----------
1 2 3 4 5 6 
2 1 4 3 6 5 
3 5 2 6 4 1 
4 6 5 2 1 3 
6 4 1 5 3 2 
5 3 6 1 2 4 
---------432----------
1 2 3 4 5 6 
2 1 4 3 6 5 
3 5 2 6 4 1 
5 3 6 1 2 4 
4 6 1 5 3 2 
6 4 5 2 1 3 
---------433----------
1 2 3 4 5 6 
2 1 4 3 6 5 
3 5 2 6 4 1 
5 3 6 1 2 4 
4 6 5 2 1 3 
6 4 1 5 3 2 
---------434----------
1 2 3 4 5 6 
2 1 4 3 6 5 
3 5 2 6 4 1 
5 3 6 1 2 4 
6 4 1 5 3 2 
4 6 5 2 1 3 
---------435----------
1 2 3 4 5 6 
2 1 4 3 6 5 
3 5 2 6 4 1 
5 3 6 1 2 4 
6 4 5 2 1 3 
4 6 1 5 3 2 
---------436----------
1 2 3 4 5 6 
2 1 4 3 6 5 
3 5 2 6 4 1 
5 3 6 2 1 4 
4 6 1 5 2 3 
6 4 5 1 3 2 
---------437----------
1 2 3 4 5 6 
2 1 4 3 6 5 
3 5 2 6 4 1 
5 3 6 2 1 4 
4 6 1 5 3 2 
6 4 5 1 2 3 
---------438----------
1 2 3 4 5 6 
2 1 4 3 6 5 
3 5 2 6 4 1 
5 3 6 2 1 4 
4 6 5 1 2 3 
6 4 1 5 3 2 
---------439----------
1 2 3 4 5 6 
2 1 4 3 6 5 
3 5 2 6 4 1 
5 3 6 2 1 4 
4 6 5 1 3 2 
6 4 1 5 2 3 
---------440----------
1 2 3 4 5 6 
2 1 4 3 6 5 
3 5 2 6 4 1 
5 3 6 2 1 4 
6 4 1 5 2 3 
4 6 5 1 3 2 
---------441----------
1 2 3 4 5 6 
2 1 4 3 6 5 
3 5 2 6 4 1 
5 3 6 2 1 4 
6 4 1 5 3 2 
4 6 5 1 2 3 
---------442----------
1 2 3 4 5 6 
2 1 4 3 6 5 
3 5 2 6 4 1 
5 3 6 2 1 4 
6 4 5 1 2 3 
4 6 1 5 3 2 
---------443----------
1 2 3 4 5 6 
2 1 4 3 6 5 
3 5 2 6 4 1 
5 3 6 2 1 4 
6 4 5 1 3 2 
4 6 1 5 2 3 
---------444----------
1 2 3 4 5 6 
2 1 4 3 6 5 
3 5 2 6 4 1 
5 4 6 1 2 3 
4 6 1 5 3 2 
6 3 5 2 1 4 
---------445----------
1 2 3 4 5 6 
2 1 4 3 6 5 
3 5 2 6 4 1 
5 4 6 1 2 3 
6 3 5 2 1 4 
4 6 1 5 3 2 
---------446----------
1 2 3 4 5 6 
2 1 4 3 6 5 
3 5 2 6 4 1 
5 4 6 1 3 2 
4 6 1 5 2 3 
6 3 5 2 1 4 
---------447----------
1 2 3 4 5 6 
2 1 4 3 6 5 
3 5 2 6 4 1 
5 4 6 1 3 2 
4 6 5 2 1 3 
6 3 1 5 2 4 
---------448----------
1 2 3 4 5 6 
2 1 4 3 6 5 
3 5 2 6 4 1 
5 4 6 1 3 2 
6 3 1 5 2 4 
4 6 5 2 1 3 
---------449----------
1 2 3 4 5 6 
2 1 4 3 6 5 
3 5 2 6 4 1 
5 4 6 1 3 2 
6 3 5 2 1 4 
4 6 1 5 2 3 
---------450----------
1 2 3 4 5 6 
2 1 4 3 6 5 
3 5 2 6 4 1 
5 4 6 2 1 3 
4 6 1 5 3 2 
6 3 5 1 2 4 
---------451----------
1 2 3 4 5 6 
2 1 4 3 6 5 
3 5 2 6 4 1 
5 4 6 2 1 3 
4 6 5 1 3 2 
6 3 1 5 2 4 
---------452----------
1 2 3 4 5 6 
2 1 4 3 6 5 
3 5 2 6 4 1 
5 4 6 2 1 3 
6 3 1 5 2 4 
4 6 5 1 3 2 
---------453----------
1 2 3 4 5 6 
2 1 4 3 6 5 
3 5 2 6 4 1 
5 4 6 2 1 3 
6 3 5 1 2 4 
4 6 1 5 3 2 
---------454----------
1 2 3 4 5 6 
2 1 4 3 6 5 
3 5 2 6 4 1 
5 6 1 2 3 4 
4 3 6 5 1 2 
6 4 5 1 2 3 
---------455----------
1 2 3 4 5 6 
2 1 4 3 6 5 
3 5 2 6 4 1 
5 6 1 2 3 4 
6 4 5 1 2 3 
4 3 6 5 1 2 
---------456----------
1 2 3 4 5 6 
2 1 4 3 6 5 
3 5 2 6 4 1 
6 3 1 5 2 4 
4 6 5 1 3 2 
5 4 6 2 1 3 
---------457----------
1 2 3 4 5 6 
2 1 4 3 6 5 
3 5 2 6 4 1 
6 3 1 5 2 4 
4 6 5 2 1 3 
5 4 6 1 3 2 
---------458----------
1 2 3 4 5 6 
2 1 4 3 6 5 
3 5 2 6 4 1 
6 3 1 5 2 4 
5 4 6 1 3 2 
4 6 5 2 1 3 
---------459----------
1 2 3 4 5 6 
2 1 4 3 6 5 
3 5 2 6 4 1 
6 3 1 5 2 4 
5 4 6 2 1 3 
4 6 5 1 3 2 
---------460----------
1 2 3 4 5 6 
2 1 4 3 6 5 
3 5 2 6 4 1 
6 3 5 1 2 4 
4 6 1 5 3 2 
5 4 6 2 1 3 
---------461----------
1 2 3 4 5 6 
2 1 4 3 6 5 
3 5 2 6 4 1 
6 3 5 1 2 4 
5 4 6 2 1 3 
4 6 1 5 3 2 
---------462----------
1 2 3 4 5 6 
2 1 4 3 6 5 
3 5 2 6 4 1 
6 3 5 2 1 4 
4 6 1 5 2 3 
5 4 6 1 3 2 
---------463----------
1 2 3 4 5 6 
2 1 4 3 6 5 
3 5 2 6 4 1 
6 3 5 2 1 4 
4 6 1 5 3 2 
5 4 6 1 2 3 
---------464----------
1 2 3 4 5 6 
2 1 4 3 6 5 
3 5 2 6 4 1 
6 3 5 2 1 4 
5 4 6 1 2 3 
4 6 1 5 3 2 
---------465----------
1 2 3 4 5 6 
2 1 4 3 6 5 
3 5 2 6 4 1 
6 3 5 2 1 4 
5 4 6 1 3 2 
4 6 1 5 2 3 
---------466----------
1 2 3 4 5 6 
2 1 4 3 6 5 
3 5 2 6 4 1 
6 4 1 5 2 3 
4 6 5 1 3 2 
5 3 6 2 1 4 
---------467----------
1 2 3 4 5 6 
2 1 4 3 6 5 
3 5 2 6 4 1 
6 4 1 5 2 3 
5 3 6 2 1 4 
4 6 5 1 3 2 
---------468----------
1 2 3 4 5 6 
2 1 4 3 6 5 
3 5 2 6 4 1 
6 4 1 5 3 2 
4 6 5 1 2 3 
5 3 6 2 1 4 
---------469----------
1 2 3 4 5 6 
2 1 4 3 6 5 
3 5 2 6 4 1 
6 4 1 5 3 2 
4 6 5 2 1 3 
5 3 6 1 2 4 
---------470----------
1 2 3 4 5 6 
2 1 4 3 6 5 
3 5 2 6 4 1 
6 4 1 5 3 2 
5 3 6 1 2 4 
4 6 5 2 1 3 
---------471----------
1 2 3 4 5 6 
2 1 4 3 6 5 
3 5 2 6 4 1 
6 4 1 5 3 2 
5 3 6 2 1 4 
4 6 5 1 2 3 
---------472----------
1 2 3 4 5 6 
2 1 4 3 6 5 
3 5 2 6 4 1 
6 4 5 1 2 3 
4 3 6 5 1 2 
5 6 1 2 3 4 
---------473----------
1 2 3 4 5 6 
2 1 4 3 6 5 
3 5 2 6 4 1 
6 4 5 1 2 3 
4 6 1 5 3 2 
5 3 6 2 1 4 
---------474----------
1 2 3 4 5 6 
2 1 4 3 6 5 
3 5 2 6 4 1 
6 4 5 1 2 3 
5 3 6 2 1 4 
4 6 1 5 3 2 
---------475----------
1 2 3 4 5 6 
2 1 4 3 6 5 
3 5 2 6 4 1 
6 4 5 1 2 3 
5 6 1 2 3 4 
4 3 6 5 1 2 
---------476----------
1 2 3 4 5 6 
2 1 4 3 6 5 
3 5 2 6 4 1 
6 4 5 1 3 2 
4 6 1 5 2 3 
5 3 6 2 1 4 
---------477----------
1 2 3 4 5 6 
2 1 4 3 6 5 
3 5 2 6 4 1 
6 4 5 1 3 2 
5 3 6 2 1 4 
4 6 1 5 2 3 
---------478----------
1 2 3 4 5 6 
2 1 4 3 6 5 
3 5 2 6 4 1 
6 4 5 2 1 3 
4 6 1 5 3 2 
5 3 6 1 2 4 
---------479----------
1 2 3 4 5 6 
2 1 4 3 6 5 
3 5 2 6 4 1 
6 4 5 2 1 3 
5 3 6 1 2 4 
4 6 1 5 3 2 
---------480----------
1 2 3 4 5 6 
2 1 4 3 6 5 
3 5 6 1 2 4 
4 3 5 6 1 2 
5 6 1 2 4 3 
6 4 2 5 3 1 
---------481----------
1 2 3 4 5 6 
2 1 4 3 6 5 
3 5 6 1 2 4 
4 3 5 6 1 2 
6 4 2 5 3 1 
5 6 1 2 4 3 
---------482----------
1 2 3 4 5 6 
2 1 4 3 6 5 
3 5 6 1 2 4 
4 6 1 5 3 2 
5 3 2 6 4 1 
6 4 5 2 1 3 
---------483----------
1 2 3 4 5 6 
2 1 4 3 6 5 
3 5 6 1 2 4 
4 6 1 5 3 2 
5 4 2 6 1 3 
6 3 5 2 4 1 
---------484----------
1 2 3 4 5 6 
2 1 4 3 6 5 
3 5 6 1 2 4 
4 6 1 5 3 2 
6 3 5 2 4 1 
5 4 2 6 1 3 
---------485----------
1 2 3 4 5 6 
2 1 4 3 6 5 
3 5 6 1 2 4 
4 6 1 5 3 2 
6 4 5 2 1 3 
5 3 2 6 4 1 
---------486----------
1 2 3 4 5 6 
2 1 4 3 6 5 
3 5 6 1 2 4 
4 6 2 5 1 3 
5 3 1 6 4 2 
6 4 5 2 3 1 
---------487----------
1 2 3 4 5 6 
2 1 4 3 6 5 
3 5 6 1 2 4 
4 6 2 5 1 3 
5 4 1 6 3 2 
6 3 5 2 4 1 
---------488----------
1 2 3 4 5 6 
2 1 4 3 6 5 
3 5 6 1 2 4 
4 6 2 5 1 3 
6 3 5 2 4 1 
5 4 1 6 3 2 
---------489----------
1 2 3 4 5 6 
2 1 4 3 6 5 
3 5 6 1 2 4 
4 6 2 5 1 3 
6 4 5 2 3 1 
5 3 1 6 4 2 
---------490----------
1 2 3 4 5 6 
2 1 4 3 6 5 
3 5 6 1 2 4 
4 6 2 5 3 1 
5 3 1 6 4 2 
6 4 5 2 1 3 
---------491----------
1 2 3 4 5 6 
2 1 4 3 6 5 
3 5 6 1 2 4 
4 6 2 5 3 1 
6 4 5 2 1 3 
5 3 1 6 4 2 
---------492----------
1 2 3 4 5 6 
2 1 4 3 6 5 
3 5 6 1 2 4 
4 6 5 2 1 3 
5 3 1 6 4 2 
6 4 2 5 3 1 
---------493----------
1 2 3 4 5 6 
2 1 4 3 6 5 
3 5 6 1 2 4 
4 6 5 2 1 3 
5 3 2 6 4 1 
6 4 1 5 3 2 
---------494----------
1 2 3 4 5 6 
2 1 4 3 6 5 
3 5 6 1 2 4 
4 6 5 2 1 3 
5 4 1 6 3 2 
6 3 2 5 4 1 
---------495----------
1 2 3 4 5 6 
2 1 4 3 6 5 
3 5 6 1 2 4 
4 6 5 2 1 3 
5 4 2 6 3 1 
6 3 1 5 4 2 
---------496----------
1 2 3 4 5 6 
2 1 4 3 6 5 
3 5 6 1 2 4 
4 6 5 2 1 3 
6 3 1 5 4 2 
5 4 2 6 3 1 
---------497----------
1 2 3 4 5 6 
2 1 4 3 6 5 
3 5 6 1 2 4 
4 6 5 2 1 3 
6 3 2 5 4 1 
5 4 1 6 3 2 
---------498----------
1 2 3 4 5 6 
2 1 4 3 6 5 
3 5 6 1 2 4 
4 6 5 2 1 3 
6 4 1 5 3 2 
5 3 2 6 4 1 
---------499----------
1 2 3 4 5 6 
2 1 4 3 6 5 
3 5 6 1 2 4 
4 6 5 2 1 3 
6 4 2 5 3 1 
5 3 1 6 4 2 
---------500----------
1 2 3 4 5 6 
2 1 4 3 6 5 
3 5 6 1 2 4 
4 6 5 2 3 1 
5 3 1 6 4 2 
6 4 2 5 1 3 
---------501----------
1 2 3 4 5 6 
2 1 4 3 6 5 
3 5 6 1 2 4 
4 6 5 2 3 1 
5 4 2 6 1 3 
6 3 1 5 4 2 
---------502----------
1 2 3 4 5 6 
2 1 4 3 6 5 
3 5 6 1 2 4 
4 6 5 2 3 1 
6 3 1 5 4 2 
5 4 2 6 1 3 
---------503----------
1 2 3 4 5 6 
2 1 4 3 6 5 
3 5 6 1 2 4 
4 6 5 2 3 1 
6 4 2 5 1 3 
5 3 1 6 4 2 
---------504----------
1 2 3 4 5 6 
2 1 4 3 6 5 
3 5 6 1 2 4 
5 3 1 6 4 2 
4 6 2 5 1 3 
6 4 5 2 3 1 
---------505----------
1 2 3 4 5 6 
2 1 4 3 6 5 
3 5 6 1 2 4 
5 3 1 6 4 2 
4 6 2 5 3 1 
6 4 5 2 1 3 
---------506----------
1 2 3 4 5 6 
2 1 4 3 6 5 
3 5 6 1 2 4 
5 3 1 6 4 2 
4 6 5 2 1 3 
6 4 2 5 3 1 
---------507----------
1 2 3 4 5 6 
2 1 4 3 6 5 
3 5 6 1 2 4 
5 3 1 6 4 2 
4 6 5 2 3 1 
6 4 2 5 1 3 
---------508----------
1 2 3 4 5 6 
2 1 4 3 6 5 
3 5 6 1 2 4 
5 3 1 6 4 2 
6 4 2 5 1 3 
4 6 5 2 3 1 
---------509----------
1 2 3 4 5 6 
2 1 4 3 6 5 
3 5 6 1 2 4 
5 3 1 6 4 2 
6 4 2 5 3 1 
4 6 5 2 1 3 
---------510----------
1 2 3 4 5 6 
2 1 4 3 6 5 
3 5 6 1 2 4 
5 3 1 6 4 2 
6 4 5 2 1 3 
4 6 2 5 3 1 
---------511----------
1 2 3 4 5 6 
2 1 4 3 6 5 
3 5 6 1 2 4 
5 3 1 6 4 2 
6 4 5 2 3 1 
4 6 2 5 1 3 
---------512----------
1 2 3 4 5 6 
2 1 4 3 6 5 
3 5 6 1 2 4 
5 3 2 6 4 1 
4 6 1 5 3 2 
6 4 5 2 1 3 
---------513----------
1 2 3 4 5 6 
2 1 4 3 6 5 
3 5 6 1 2 4 
5 3 2 6 4 1 
4 6 5 2 1 3 
6 4 1 5 3 2 
---------514----------
1 2 3 4 5 6 
2 1 4 3 6 5 
3 5 6 1 2 4 
5 3 2 6 4 1 
6 4 1 5 3 2 
4 6 5 2 1 3 
---------515----------
1 2 3 4 5 6 
2 1 4 3 6 5 
3 5 6 1 2 4 
5 3 2 6 4 1 
6 4 5 2 1 3 
4 6 1 5 3 2 
---------516----------
1 2 3 4 5 6 
2 1 4 3 6 5 
3 5 6 1 2 4 
5 4 1 6 3 2 
4 6 2 5 1 3 
6 3 5 2 4 1 
---------517----------
1 2 3 4 5 6 
2 1 4 3 6 5 
3 5 6 1 2 4 
5 4 1 6 3 2 
4 6 5 2 1 3 
6 3 2 5 4 1 
---------518----------
1 2 3 4 5 6 
2 1 4 3 6 5 
3 5 6 1 2 4 
5 4 1 6 3 2 
6 3 2 5 4 1 
4 6 5 2 1 3 
---------519----------
1 2 3 4 5 6 
2 1 4 3 6 5 
3 5 6 1 2 4 
5 4 1 6 3 2 
6 3 5 2 4 1 
4 6 2 5 1 3 
---------520----------
1 2 3 4 5 6 
2 1 4 3 6 5 
3 5 6 1 2 4 
5 4 2 6 1 3 
4 6 1 5 3 2 
6 3 5 2 4 1 
---------521----------
1 2 3 4 5 6 
2 1 4 3 6 5 
3 5 6 1 2 4 
5 4 2 6 1 3 
4 6 5 2 3 1 
6 3 1 5 4 2 
---------522----------
1 2 3 4 5 6 
2 1 4 3 6 5 
3 5 6 1 2 4 
5 4 2 6 1 3 
6 3 1 5 4 2 
4 6 5 2 3 1 
---------523----------
1 2 3 4 5 6 
2 1 4 3 6 5 
3 5 6 1 2 4 
5 4 2 6 1 3 
6 3 5 2 4 1 
4 6 1 5 3 2 
---------524----------
1 2 3 4 5 6 
2 1 4 3 6 5 
3 5 6 1 2 4 
5 4 2 6 3 1 
4 6 5 2 1 3 
6 3 1 5 4 2 
---------525----------
1 2 3 4 5 6 
2 1 4 3 6 5 
3 5 6 1 2 4 
5 4 2 6 3 1 
6 3 1 5 4 2 
4 6 5 2 1 3 
---------526----------
1 2 3 4 5 6 
2 1 4 3 6 5 
3 5 6 1 2 4 
5 6 1 2 4 3 
4 3 5 6 1 2 
6 4 2 5 3 1 
---------527----------
1 2 3 4 5 6 
2 1 4 3 6 5 
3 5 6 1 2 4 
5 6 1 2 4 3 
6 4 2 5 3 1 
4 3 5 6 1 2 
---------528----------
1 2 3 4 5 6 
2 1 4 3 6 5 
3 5 6 1 2 4 
6 3 1 5 4 2 
4 6 5 2 1 3 
5 4 2 6 3 1 
---------529----------
1 2 3 4 5 6 
2 1 4 3 6 5 
3 5 6 1 2 4 
6 3 1 5 4 2 
4 6 5 2 3 1 
5 4 2 6 1 3 
---------530----------
1 2 3 4 5 6 
2 1 4 3 6 5 
3 5 6 1 2 4 
6 3 1 5 4 2 
5 4 2 6 1 3 
4 6 5 2 3 1 
---------531----------
1 2 3 4 5 6 
2 1 4 3 6 5 
3 5 6 1 2 4 
6 3 1 5 4 2 
5 4 2 6 3 1 
4 6 5 2 1 3 
---------532----------
1 2 3 4 5 6 
2 1 4 3 6 5 
3 5 6 1 2 4 
6 3 2 5 4 1 
4 6 5 2 1 3 
5 4 1 6 3 2 
---------533----------
1 2 3 4 5 6 
2 1 4 3 6 5 
3 5 6 1 2 4 
6 3 2 5 4 1 
5 4 1 6 3 2 
4 6 5 2 1 3 
---------534----------
1 2 3 4 5 6 
2 1 4 3 6 5 
3 5 6 1 2 4 
6 3 5 2 4 1 
4 6 1 5 3 2 
5 4 2 6 1 3 
---------535----------
1 2 3 4 5 6 
2 1 4 3 6 5 
3 5 6 1 2 4 
6 3 5 2 4 1 
4 6 2 5 1 3 
5 4 1 6 3 2 
---------536----------
1 2 3 4 5 6 
2 1 4 3 6 5 
3 5 6 1 2 4 
6 3 5 2 4 1 
5 4 1 6 3 2 
4 6 2 5 1 3 
---------537----------
1 2 3 4 5 6 
2 1 4 3 6 5 
3 5 6 1 2 4 
6 3 5 2 4 1 
5 4 2 6 1 3 
4 6 1 5 3 2 
---------538----------
1 2 3 4 5 6 
2 1 4 3 6 5 
3 5 6 1 2 4 
6 4 1 5 3 2 
4 6 5 2 1 3 
5 3 2 6 4 1 
---------539----------
1 2 3 4 5 6 
2 1 4 3 6 5 
3 5 6 1 2 4 
6 4 1 5 3 2 
5 3 2 6 4 1 
4 6 5 2 1 3 
---------540----------
1 2 3 4 5 6 
2 1 4 3 6 5 
3 5 6 1 2 4 
6 4 2 5 1 3 
4 6 5 2 3 1 
5 3 1 6 4 2 
---------541----------
1 2 3 4 5 6 
2 1 4 3 6 5 
3 5 6 1 2 4 
6 4 2 5 1 3 
5 3 1 6 4 2 
4 6 5 2 3 1 
---------542----------
1 2 3 4 5 6 
2 1 4 3 6 5 
3 5 6 1 2 4 
6 4 2 5 3 1 
4 3 5 6 1 2 
5 6 1 2 4 3 
---------543----------
1 2 3 4 5 6 
2 1 4 3 6 5 
3 5 6 1 2 4 
6 4 2 5 3 1 
4 6 5 2 1 3 
5 3 1 6 4 2 
---------544----------
1 2 3 4 5 6 
2 1 4 3 6 5 
3 5 6 1 2 4 
6 4 2 5 3 1 
5 3 1 6 4 2 
4 6 5 2 1 3 
---------545----------
1 2 3 4 5 6 
2 1 4 3 6 5 
3 5 6 1 2 4 
6 4 2 5 3 1 
5 6 1 2 4 3 
4 3 5 6 1 2 
---------546----------
1 2 3 4 5 6 
2 1 4 3 6 5 
3 5 6 1 2 4 
6 4 5 2 1 3 
4 6 1 5 3 2 
5 3 2 6 4 1 
---------547----------
1 2 3 4 5 6 
2 1 4 3 6 5 
3 5 6 1 2 4 
6 4 5 2 1 3 
4 6 2 5 3 1 
5 3 1 6 4 2 
---------548----------
1 2 3 4 5 6 
2 1 4 3 6 5 
3 5 6 1 2 4 
6 4 5 2 1 3 
5 3 1 6 4 2 
4 6 2 5 3 1 
---------549----------
1 2 3 4 5 6 
2 1 4 3 6 5 
3 5 6 1 2 4 
6 4 5 2 1 3 
5 3 2 6 4 1 
4 6 1 5 3 2 
---------550----------
1 2 3 4 5 6 
2 1 4 3 6 5 
3 5 6 1 2 4 
6 4 5 2 3 1 
4 6 2 5 1 3 
5 3 1 6 4 2 
---------551----------
1 2 3 4 5 6 
2 1 4 3 6 5 
3 5 6 1 2 4 
6 4 5 2 3 1 
5 3 1 6 4 2 
4 6 2 5 1 3 
---------552----------
1 2 3 4 5 6 
2 1 4 3 6 5 
3 5 6 1 4 2 
4 3 5 6 2 1 
5 6 1 2 3 4 
6 4 2 5 1 3 
---------553----------
1 2 3 4 5 6 
2 1 4 3 6 5 
3 5 6 1 4 2 
4 3 5 6 2 1 
6 4 2 5 1 3 
5 6 1 2 3 4 
---------554----------
1 2 3 4 5 6 
2 1 4 3 6 5 
3 5 6 1 4 2 
4 6 1 5 2 3 
5 3 2 6 1 4 
6 4 5 2 3 1 
---------555----------
1 2 3 4 5 6 
2 1 4 3 6 5 
3 5 6 1 4 2 
4 6 1 5 2 3 
5 4 2 6 3 1 
6 3 5 2 1 4 
---------556----------
1 2 3 4 5 6 
2 1 4 3 6 5 
3 5 6 1 4 2 
4 6 1 5 2 3 
6 3 5 2 1 4 
5 4 2 6 3 1 
---------557----------
1 2 3 4 5 6 
2 1 4 3 6 5 
3 5 6 1 4 2 
4 6 1 5 2 3 
6 4 5 2 3 1 
5 3 2 6 1 4 
---------558----------
1 2 3 4 5 6 
2 1 4 3 6 5 
3 5 6 1 4 2 
4 6 2 5 1 3 
5 3 1 6 2 4 
6 4 5 2 3 1 
---------559----------
1 2 3 4 5 6 
2 1 4 3 6 5 
3 5 6 1 4 2 
4 6 2 5 1 3 
6 4 5 2 3 1 
5 3 1 6 2 4 
---------560----------
1 2 3 4 5 6 
2 1 4 3 6 5 
3 5 6 1 4 2 
4 6 2 5 3 1 
5 3 1 6 2 4 
6 4 5 2 1 3 
---------561----------
1 2 3 4 5 6 
2 1 4 3 6 5 
3 5 6 1 4 2 
4 6 2 5 3 1 
5 4 1 6 2 3 
6 3 5 2 1 4 
---------562----------
1 2 3 4 5 6 
2 1 4 3 6 5 
3 5 6 1 4 2 
4 6 2 5 3 1 
6 3 5 2 1 4 
5 4 1 6 2 3 
---------563----------
1 2 3 4 5 6 
2 1 4 3 6 5 
3 5 6 1 4 2 
4 6 2 5 3 1 
6 4 5 2 1 3 
5 3 1 6 2 4 
---------564----------
1 2 3 4 5 6 
2 1 4 3 6 5 
3 5 6 1 4 2 
4 6 5 2 1 3 
5 3 1 6 2 4 
6 4 2 5 3 1 
---------565----------
1 2 3 4 5 6 
2 1 4 3 6 5 
3 5 6 1 4 2 
4 6 5 2 1 3 
5 4 2 6 3 1 
6 3 1 5 2 4 
---------566----------
1 2 3 4 5 6 
2 1 4 3 6 5 
3 5 6 1 4 2 
4 6 5 2 1 3 
6 3 1 5 2 4 
5 4 2 6 3 1 
---------567----------
1 2 3 4 5 6 
2 1 4 3 6 5 
3 5 6 1 4 2 
4 6 5 2 1 3 
6 4 2 5 3 1 
5 3 1 6 2 4 
---------568----------
1 2 3 4 5 6 
2 1 4 3 6 5 
3 5 6 1 4 2 
4 6 5 2 3 1 
5 3 1 6 2 4 
6 4 2 5 1 3 
---------569----------
1 2 3 4 5 6 
2 1 4 3 6 5 
3 5 6 1 4 2 
4 6 5 2 3 1 
5 3 2 6 1 4 
6 4 1 5 2 3 
---------570----------
1 2 3 4 5 6 
2 1 4 3 6 5 
3 5 6 1 4 2 
4 6 5 2 3 1 
5 4 1 6 2 3 
6 3 2 5 1 4 
---------571----------
1 2 3 4 5 6 
2 1 4 3 6 5 
3 5 6 1 4 2 
4 6 5 2 3 1 
5 4 2 6 1 3 
6 3 1 5 2 4 
---------572----------
1 2 3 4 5 6 
2 1 4 3 6 5 
3 5 6 1 4 2 
4 6 5 2 3 1 
6 3 1 5 2 4 
5 4 2 6 1 3 
---------573----------
1 2 3 4 5 6 
2 1 4 3 6 5 
3 5 6 1 4 2 
4 6 5 2 3 1 
6 3 2 5 1 4 
5 4 1 6 2 3 
---------574----------
1 2 3 4 5 6 
2 1 4 3 6 5 
3 5 6 1 4 2 
4 6 5 2 3 1 
6 4 1 5 2 3 
5 3 2 6 1 4 
---------575----------
1 2 3 4 5 6 
2 1 4 3 6 5 
3 5 6 1 4 2 
4 6 5 2 3 1 
6 4 2 5 1 3 
5 3 1 6 2 4 
---------576----------
1 2 3 4 5 6 
2 1 4 3 6 5 
3 5 6 1 4 2 
5 3 1 6 2 4 
4 6 2 5 1 3 
6 4 5 2 3 1 
---------577----------
